	SNP	Chromosome	Position	trait1
1	ENSG00000168505	2	237073878	2.42531496676847e-28
2	ENSG00000084676	2	24714782	4.99565887258288e-24
3	ENSG00000125740	19	45971252	4.06417637567733e-23
4	ENSG00000170515	12	56498102	4.86855023575443e-21
5	ENSG00000115163	2	26987156	1.03874150303766e-20
6	ENSG00000198300	19	57321444	3.92328822970259e-20
7	ENSG00000119508	9	102584136	1.13454296627578e-19
8	ENSG00000170265	7	148892576	2.47496690981685e-19
9	ENSG00000101412	20	32263488	3.87215178905662e-19
10	ENSG00000185122	8	145515279	7.91562338749272e-19
11	ENSG00000198963	9	77112280	1.69609880691843e-18
12	ENSG00000122386	16	3162560	2.27343073523767e-18
13	ENSG00000111206	12	2966846	3.71637308541796e-18
14	ENSG00000177732	20	306206	5.16380890832717e-18
15	ENSG00000181220	7	149169884	6.93317025928253e-18
16	ENSG00000197961	19	9671028	7.19882071653227e-18
17	ENSG00000197579	9	32540541	2.25884186677512e-17
18	ENSG00000101057	20	42295753	4.21504251220862e-17
19	ENSG00000130844	19	54024234	5.92840940564993e-17
20	ENSG00000185129	5	139487361	2.68796681536137e-15
21	ENSG00000167962	16	2047654	4.75220744172714e-15
22	ENSG00000010539	16	3272324	5.58177095932648e-15
23	ENSG00000165495	11	125034582	5.8749110537056e-15
24	ENSG00000071564	19	1609290	8.44172048442559e-15
25	ENSG00000165891	12	77415026	8.71502572153095e-15
26	ENSG00000124440	19	46800302	1.1019592424459e-14
27	ENSG00000167967	16	2273566	2.8938164942299e-14
28	ENSG00000213347	5	176728461	3.01377455566582e-14
29	ENSG00000130816	19	10244020	3.32610424132608e-14
30	ENSG00000108924	17	53342372	4.93696308486637e-14
31	ENSG00000077092	3	25215822	7.51907824768545e-14
32	ENSG00000170345	14	75745476	8.71020101232819e-14
33	ENSG00000184481	23	70316046	1.44230687623495e-13
34	ENSG00000148300	9	136271185	2.49427603994408e-13
35	ENSG00000069667	15	60780482	3.9537027765516e-13
36	ENSG00000119138	9	72999502	4.44670820913214e-13
37	ENSG00000144655	3	39183345	8.68092126184334e-13
38	ENSG00000147789	8	146052848	1.12149339024537e-12
39	ENSG00000171163	1	249144204	1.3623991447908e-12
40	ENSG00000172059	2	10182975	1.45862772257532e-12
41	ENSG00000166526	7	99661655	1.71340097210936e-12
42	ENSG00000126456	19	50162825	1.83750027058524e-12
43	ENSG00000120738	5	137801178	2.00169253263924e-12
44	ENSG00000118526	6	134210275	4.21487765987808e-12
45	ENSG00000123407	12	54348617	4.47086501158806e-12
46	ENSG00000175213	11	46722367	4.65056619129607e-12
47	ENSG00000123364	12	54332534	5.21039324392929e-12
48	ENSG00000179388	8	22545171	5.83475981538289e-12
49	ENSG00000151623	4	148999912	8.76398787752138e-12
50	ENSG00000198393	12	133562950	8.92295254234355e-12
51	ENSG00000090447	16	4307186	9.11340936759451e-12
52	ENSG00000174306	20	39807087	1.04447723171864e-11
53	ENSG00000103495	16	29817426	1.14695210646055e-11
54	ENSG00000125826	20	388141	1.24453971959879e-11
55	ENSG00000155090	8	103661006	1.54867479762783e-11
56	ENSG00000198597	19	30719420	1.56103849690816e-11
57	ENSG00000050344	7	26191859	1.96498776346403e-11
58	ENSG00000269067	19	23158269	2.40153600733316e-11
59	ENSG00000167625	19	42724422	4.22505354211446e-11
60	ENSG00000151090	3	24158650	4.44992899266288e-11
61	ENSG00000123358	12	52416615	5.38704752271373e-11
62	ENSG00000131381	3	15111579	5.87276992630202e-11
63	ENSG00000162772	1	212738675	5.95469932603827e-11
64	ENSG00000179886	8	144680073	7.46750017742387e-11
65	ENSG00000220201	19	10415478	1.22084507663636e-10
66	ENSG00000185630	1	164528643	1.34064166206408e-10
67	ENSG00000214652	7	63505820	2.02045315533679e-10
68	ENSG00000136826	9	110247132	2.04291702588108e-10
69	ENSG00000010244	17	30677135	2.27288121775381e-10
70	ENSG00000168874	2	85978466	2.27506405291616e-10
71	ENSG00000129173	11	19245609	2.3118006947573e-10
72	ENSG00000156469	8	97251625	2.42987051969186e-10
73	ENSG00000082175	11	100900354	2.70271231888867e-10
74	ENSG00000153234	2	157180943	2.86886428552873e-10
75	ENSG00000167491	19	19496634	4.952836023215e-10
76	ENSG00000109906	11	113930314	5.04287249325683e-10
77	ENSG00000128573	7	113726381	5.35034543097626e-10
78	ENSG00000196263	19	57019211	6.42048714787519e-10
79	ENSG00000078900	1	3569083	8.87306701598017e-10
80	ENSG00000196109	19	22361892	9.04517562157566e-10
81	ENSG00000136936	9	100437190	9.25504635911308e-10
82	ENSG00000171540	5	76924537	1.19797372038058e-09
83	ENSG00000142528	19	50528970	1.33392207247553e-09
84	ENSG00000137309	6	34204649	1.36408485577596e-09
85	ENSG00000179528	2	74724643	1.37305778196857e-09
87	ENSG00000166987	12	57914492	1.65894270366504e-09
88	ENSG00000144485	2	239146907	1.88496976940165e-09
89	ENSG00000139793	13	97873687	2.12501659899142e-09
90	ENSG00000116731	1	14026692	2.59524488933933e-09
91	ENSG00000205250	16	67226071	2.63855670306898e-09
92	ENSG00000173894	17	77751930	2.71005598891566e-09
93	ENSG00000176887	2	5832798	3.2028442729684e-09
94	ENSG00000171425	19	56146824	3.43466172149678e-09
95	ENSG00000020256	20	50668201	3.84484181666914e-09
96	ENSG00000126778	14	61110132	3.97789824649585e-09
97	ENSG00000120963	8	102190105	3.99093683782737e-09
98	ENSG00000100426	22	50247489	4.2250823206122e-09
99	ENSG00000011243	19	15490858	4.94083855462882e-09
100	ENSG00000154655	18	5954704	4.96943302199625e-09
101	ENSG00000163884	3	126061477	5.08087315851478e-09
102	ENSG00000005801	11	3360490	5.10432723171512e-09
103	ENSG00000197483	19	55987698	5.96516271632428e-09
104	ENSG00000130700	20	61038552	6.41568508530258e-09
105	ENSG00000182983	3	42947222	6.41858388834493e-09
106	ENSG00000197360	19	22586235	7.07041924336871e-09
107	ENSG00000188290	1	934341	8.14251989489294e-09
108	ENSG00000185252	22	20748404	8.33883513823727e-09
109	ENSG00000105732	19	42572628	9.63382201688764e-09
110	ENSG00000173276	21	43406939	1.61240723199275e-08
111	ENSG00000112242	6	20402397	1.65523938337246e-08
112	ENSG00000175550	11	65686727	1.790117244535e-08
113	ENSG00000196381	19	38158651	1.97608505738811e-08
114	ENSG00000150907	13	41129803	2.00074863662988e-08
115	ENSG00000144331	2	180306708	2.10312848770837e-08
116	ENSG00000140044	14	75894418	2.53879686526829e-08
117	ENSG00000007968	1	23832921	2.68382991597028e-08
118	ENSG00000178175	5	71738478	2.71849347699671e-08
119	ENSG00000111269	12	12764760	2.99613201749399e-08
120	ENSG00000218891	19	56088898	3.72529278904651e-08
121	ENSG00000115507	2	63277191	4.12987565736867e-08
122	ENSG00000169554	2	145141647	4.30664686766724e-08
123	ENSG00000095574	10	124750321	4.31185459453875e-08
124	ENSG00000162367	1	47681961	4.70167758597191e-08
125	ENSG00000143995	2	66662264	5.04956640825994e-08
126	ENSG00000243678	17	49230919	5.26080880218221e-08
127	ENSG00000179981	18	72922709	5.31369141479804e-08
128	ENSG00000124766	6	21593971	5.74495552116269e-08
129	ENSG00000010030	6	36322418	5.76827674287811e-08
130	ENSG00000130522	19	18390562	5.84194195788011e-08
131	ENSG00000261221	19	56116770	5.97741786368886e-08
132	ENSG00000101216	20	62218954	6.1363806014969e-08
133	ENSG00000182568	3	18438747	6.16755056152988e-08
134	ENSG00000101457	20	44420575	6.46723654274676e-08
135	ENSG00000196482	1	216676587	6.54497093919725e-08
136	ENSG00000099364	16	30934375	6.67929656202509e-08
137	ENSG00000187801	1	40915773	8.7234063320958e-08
138	ENSG00000149948	12	66217910	8.84745316883991e-08
139	ENSG00000152217	18	42260137	8.88978492596955e-08
140	ENSG00000137090	9	841689	9.33780189231132e-08
141	ENSG00000233608	2	239756672	9.83011940830176e-08
142	ENSG00000181135	8	144766621	1.04399367517697e-07
143	ENSG00000197472	1	247108848	1.10485140763266e-07
144	ENSG00000122877	10	64574192	1.1240344890272e-07
145	ENSG00000053254	14	89622515	1.14144957859047e-07
146	ENSG00000178662	2	166326156	1.16695851087324e-07
147	ENSG00000174576	11	66188474	1.16810651559433e-07
148	ENSG00000095794	10	35415718	1.2952994861432e-07
149	ENSG00000167635	19	36705503	1.41623910353235e-07
150	ENSG00000169946	8	106330919	1.53369993250532e-07
151	ENSG00000221944	2	233412778	1.58604318038253e-07
152	ENSG00000181638	8	144328990	1.64725918593147e-07
153	ENSG00000151789	3	21478503	1.80562568999338e-07
154	ENSG00000127528	19	16435627	2.29430000961812e-07
155	ENSG00000029153	12	27485786	2.55873429203209e-07
156	ENSG00000119950	10	111967362	2.68179637091189e-07
157	ENSG00000175745	5	92919042	2.69929159752675e-07
158	ENSG00000164651	7	20823905	3.23925880715e-07
159	ENSG00000171223	19	12902309	3.45350556549782e-07
160	ENSG00000198093	19	52392476	3.74170871921215e-07
161	ENSG00000068305	15	100017369	3.81489350939539e-07
162	ENSG00000175197	12	57910370	3.83174516654572e-07
163	ENSG00000012504	12	100867485	4.30205511809659e-07
164	ENSG00000182463	20	51588945	4.39853606320942e-07
165	ENSG00000006704	7	73868119	4.46086641899771e-07
166	ENSG00000105856	7	106809405	4.53380653403067e-07
167	ENSG00000141568	17	80477588	4.60091905618483e-07
168	ENSG00000143379	1	150898738	5.03205069909401e-07
169	ENSG00000101126	20	49505584	5.09827149310616e-07
170	ENSG00000066697	9	103189437	5.16375214008871e-07
171	ENSG00000160633	19	5623045	5.16779954851112e-07
172	ENSG00000011332	19	38701645	5.50664723736916e-07
173	ENSG00000127903	19	57174019	6.09256723190955e-07
174	ENSG00000159216	21	36259342	6.36522576148624e-07
175	ENSG00000163516	2	220094478	6.93638562741377e-07
176	ENSG00000183309	8	144718182	7.14959557070718e-07
177	ENSG00000141646	18	48494409	7.15666959351032e-07
179	ENSG00000171817	19	38042307	7.51391275291452e-07
180	ENSG00000171466	19	9759329	7.816581361063e-07
181	ENSG00000176160	17	56497527	8.05990044193209e-07
182	ENSG00000198026	20	44577291	8.52544983818042e-07
183	ENSG00000123636	2	160175489	9.59024087141252e-07
184	ENSG00000204946	7	148959261	1.0352636568563e-06
185	ENSG00000179909	19	58208734	1.09279249195953e-06
186	ENSG00000250571	8	144349602	1.30793226589222e-06
187	ENSG00000181722	3	114056940	1.34576998006688e-06
188	ENSG00000018869	19	56887412	1.52539918698677e-06
189	ENSG00000177606	1	59246464	1.55342148218785e-06
190	ENSG00000197013	19	21679483	1.59419856434404e-06
191	ENSG00000144747	3	69068977	1.64475149234293e-06
192	ENSG00000134138	15	37181405	1.66146510810473e-06
193	ENSG00000172273	11	118992296	1.79391420102182e-06
194	ENSG00000138380	2	203776936	1.85753015929105e-06
195	ENSG00000171056	8	10582908	1.87724619798555e-06
196	ENSG00000129911	19	1852398	2.02347002844726e-06
197	ENSG00000101115	20	50400580	2.1283475982842e-06
198	ENSG00000136169	13	50018428	2.13011694615821e-06
199	ENSG00000176723	16	31445568	2.26472534551354e-06
200	ENSG00000125846	20	18269120	2.27023632048931e-06
201	ENSG00000163320	3	88101093	2.31304240269131e-06
202	ENSG00000181894	19	58637618	2.41843037868582e-06
203	ENSG00000174282	17	7362684	2.49039886153403e-06
204	ENSG00000081189	5	88013974	2.51149949190691e-06
205	ENSG00000112182	6	90636247	2.56044048504148e-06
206	ENSG00000272333	19	36208920	2.57403141712719e-06
207	ENSG00000064835	3	87308553	2.76496570207577e-06
208	ENSG00000091831	6	151977825	3.19151671364447e-06
209	ENSG00000197619	19	52494584	3.20750186690785e-06
210	ENSG00000111249	12	111471827	3.4892111680981e-06
211	ENSG00000130675	7	156786744	3.50867414259979e-06
212	ENSG00000185507	11	612552	3.80903971887208e-06
213	ENSG00000186230	19	57946696	3.84319837803141e-06
214	ENSG00000139800	13	100615217	4.08239799153864e-06
215	ENSG00000196214	19	52772823	4.20692745525621e-06
216	ENSG00000185947	16	31885078	4.39604754223846e-06
217	ENSG00000148411	9	138898382	4.40317409895869e-06
218	ENSG00000185610	12	45408454	4.55688404189349e-06
219	ENSG00000119547	18	55102916	4.73571931064704e-06
220	ENSG00000143190	1	167190065	4.92217904971186e-06
221	ENSG00000170684	19	45574757	4.9615772147783e-06
222	ENSG00000176542	3	113367231	5.21204247260747e-06
223	ENSG00000175105	3	88188253	5.29848431940655e-06
224	ENSG00000203326	19	53868945	5.48339050022505e-06
225	ENSG00000173757	17	40351185	5.82551348561136e-06
226	ENSG00000185730	8	144371845	6.30810417955933e-06
227	ENSG00000134532	12	23682439	6.52353526259908e-06
228	ENSG00000116016	2	46520805	6.66919123215059e-06
229	ENSG00000180787	17	4981542	6.67522015122505e-06
230	ENSG00000160973	8	145698794	6.75418582493346e-06
231	ENSG00000143171	1	165370158	6.93391536994922e-06
232	ENSG00000170954	19	53611131	7.18431462159799e-06
233	ENSG00000154727	21	27106880	7.92001130194149e-06
234	ENSG00000198715	1	156259879	8.18302523760465e-06
235	ENSG00000187605	2	74273449	8.52854731428044e-06
236	ENSG00000205683	14	73086003	8.76131532899764e-06
237	ENSG00000196867	19	57050316	8.93896092436462e-06
238	ENSG00000167394	16	31072163	9.20570847388839e-06
239	ENSG00000184828	18	45553043	9.38006642487784e-06
240	ENSG00000131849	19	58944180	9.57716700068598e-06
241	ENSG00000178163	4	10441497	9.90755885743198e-06
242	ENSG00000197587	1	46972667	1.00033200820349e-05
243	ENSG00000117139	1	202696525	1.06523145852479e-05
244	ENSG00000215421	18	72265105	1.0654324709602e-05
245	ENSG00000185238	11	20409075	1.08480579372226e-05
246	ENSG00000177932	5	178487415	1.09715666902446e-05
247	ENSG00000123388	12	54366909	1.1328518823825e-05
248	ENSG00000163064	2	119599746	1.14092439535558e-05
249	ENSG00000165684	9	139270028	1.14146388071734e-05
250	ENSG00000198556	7	99070515	1.16448684517225e-05
251	ENSG00000056277	23	129336684	1.19474443232466e-05
252	ENSG00000160336	19	53935226	1.24042080254028e-05
253	ENSG00000176293	19	58571101	1.2462744179805e-05
254	ENSG00000234284	5	178450752	1.25025631579064e-05
255	ENSG00000176399	9	22446839	1.27005489108179e-05
256	ENSG00000153975	6	116956780	1.31095049486606e-05
257	ENSG00000112658	6	43139036	1.33231747974285e-05
258	ENSG00000179943	19	56102745	1.43628889370532e-05
259	ENSG00000172262	5	43120984	1.45242648045724e-05
260	ENSG00000067082	10	3818187	1.50250960294262e-05
261	ENSG00000204366	6	31867383	1.5942045146542e-05
262	ENSG00000150347	10	63661058	1.60828483430071e-05
263	ENSG00000169131	5	178138592	1.61192298678266e-05
264	ENSG00000236609	7	6655247	1.65094040510798e-05
265	ENSG00000170581	12	56735380	1.65184786605282e-05
266	ENSG00000205903	7	6676952	1.67788601808557e-05
267	ENSG00000185022	22	38597888	1.76539574276843e-05
268	ENSG00000198939	5	178322894	1.78353948121048e-05
269	ENSG00000186350	9	137208943	1.85107079549506e-05
270	ENSG00000257315	1	203765436	1.93545181731612e-05
271	ENSG00000223547	19	12175513	2.04444539183284e-05
272	ENSG00000169957	16	30535324	2.07114948187808e-05
273	ENSG00000169083	23	66764464	2.18195240148139e-05
274	ENSG00000158773	1	161009040	2.28311188430283e-05
275	ENSG00000198046	19	56950693	2.38323287959011e-05
276	ENSG00000180035	16	30389632	2.40020912753014e-05
277	ENSG00000061455	5	122424815	2.40792942500152e-05
278	ENSG00000186951	22	46546423	2.51745955627884e-05
279	ENSG00000146587	7	5085451	2.52130650095325e-05
280	ENSG00000173825	11	65122237	2.56534696986341e-05
281	ENSG00000128610	7	121941447	2.59210416082051e-05
282	ENSG00000197024	7	148823507	2.81984680690581e-05
283	ENSG00000125398	17	70117160	2.87171886523135e-05
284	ENSG00000172466	18	32912175	3.02446274214173e-05
285	ENSG00000147118	23	47834249	3.05158054226033e-05
286	ENSG00000197937	19	53627324	3.06168567786347e-05
287	ENSG00000130711	9	133539980	3.06767530151704e-05
288	ENSG00000152467	19	58545399	3.09861333960045e-05
289	ENSG00000198466	19	58361224	3.13604215053895e-05
290	ENSG00000188786	1	38275238	3.20266584769925e-05
291	ENSG00000121413	19	58595204	3.41388096603769e-05
292	ENSG00000124813	6	45295893	3.60135371555317e-05
293	ENSG00000162599	1	61330930	3.98217975322531e-05
294	ENSG00000177485	23	119384606	4.06845086877741e-05
295	ENSG00000142611	1	2985731	4.16065698476313e-05
296	ENSG00000197857	19	12335500	4.18075544653456e-05
297	ENSG00000116044	2	178095032	4.27826189499274e-05
298	ENSG00000141905	19	3359560	5.08704064355698e-05
299	ENSG00000102349	23	56258853	5.09709628187706e-05
300	ENSG00000197162	16	30585060	5.32363613870983e-05
301	ENSG00000118922	13	74260225	5.80911724754002e-05
302	ENSG00000115844	2	172964166	5.83239190678619e-05
303	ENSG00000196437	19	37902056	6.00877313387443e-05
304	ENSG00000198298	10	44101854	6.0798473357664e-05
305	ENSG00000198169	8	145946297	6.29982600678433e-05
306	ENSG00000133740	8	86089459	6.53472144344386e-05
307	ENSG00000196670	5	180274610	6.81473292654182e-05
308	ENSG00000126003	20	30780305	7.05863513561084e-05
309	ENSG00000213928	14	24630261	7.16886403765839e-05
310	ENSG00000237765	4	15683284	7.29923571471725e-05
311	ENSG00000197928	19	53731576	7.50405603732701e-05
312	ENSG00000156127	14	75988767	7.67518570362205e-05
313	ENSG00000198131	19	58739959	7.68355324344733e-05
314	ENSG00000143437	1	150782180	7.72082542748626e-05
315	ENSG00000175832	17	41605211	7.73782877849272e-05
316	ENSG00000196724	19	58433251	8.15798323641052e-05
317	ENSG00000168779	3	157814947	8.16987527808538e-05
318	ENSG00000196323	11	130096571	8.34442397501074e-05
319	ENSG00000143867	2	19551245	8.70412059160636e-05
320	ENSG00000131061	20	32319462	8.80604038461926e-05
321	ENSG00000141956	21	43218384	8.90182893908529e-05
322	ENSG00000197016	19	57078879	8.95522165447705e-05
323	ENSG00000143157	1	166808680	9.00257502935551e-05
324	ENSG00000105261	19	36602103	9.06888708737079e-05
325	ENSG00000160321	19	22115759	9.15528105169412e-05
326	ENSG00000185697	8	67474409	9.30339719605425e-05
327	ENSG00000115415	2	191829083	9.53013702889533e-05
328	ENSG00000116017	19	925780	9.96748706635187e-05
329	ENSG00000011451	19	15532318	0.000100938229617228
330	ENSG00000187098	3	69788585	0.000103271938787379
331	ENSG00000118495	6	144261438	0.000103684812665622
332	ENSG00000151322	14	33404138	0.000103722313738044
333	ENSG00000196652	7	99102273	0.000106039290507933
334	ENSG00000184486	6	99282579	0.000108181639255649
335	ENSG00000171940	20	52183603	0.000108666374066642
336	ENSG00000114853	3	42695175	0.000110221740985086
337	ENSG00000146757	7	64838711	0.000120912385875061
338	ENSG00000049768	23	49106896	0.000123463689565476
339	ENSG00000185551	15	96869166	0.000131144428086648
340	ENSG00000197608	19	52567718	0.000132762115858511
341	ENSG00000183647	19	58111252	0.000138584744474081
342	ENSG00000189190	19	53267447	0.000144449456526418
343	ENSG00000160062	1	33005027	0.000150068366546186
344	ENSG00000075426	2	28615314	0.000150447097635871
345	ENSG00000180828	8	65492813	0.000151277477872201
346	ENSG00000105880	7	96649703	0.000151335631235412
347	ENSG00000167182	17	45973515	0.000161324561587043
348	ENSG00000187987	6	28399706	0.000168170513723474
349	ENSG00000149050	11	7020548	0.00016924439935498
350	ENSG00000105610	19	12995236	0.000172534085045628
351	ENSG00000083814	19	58231118	0.000174305929687366
352	ENSG00000177311	3	141106653	0.000175579048858907
353	ENSG00000110693	11	15987994	0.000176211749661065
354	ENSG00000137185	6	28192663	0.000178793032763659
355	ENSG00000171956	15	60296420	0.000183258086135842
356	ENSG00000167395	16	31085742	0.000184411876486596
357	ENSG00000169016	2	11584500	0.000186182608188215
359	ENSG00000120693	13	37418967	0.000196184974672272
360	ENSG00000165244	9	99148222	0.000196931773768423
361	ENSG00000169856	15	53049636	0.000198785237490464
362	ENSG00000116035	2	71127719	0.00019934053455296
363	ENSG00000172748	8	182136	0.000202305719010346
364	ENSG00000196110	19	9404950	0.00020823885893308
365	ENSG00000140382	15	77712753	0.000211525759569419
366	ENSG00000230797	23	21874104	0.00021199219842712
367	ENSG00000198185	20	45129700	0.000212888982776355
368	ENSG00000170396	2	185463092	0.000223914543218257
369	ENSG00000186487	2	1792884	0.000237266439938189
370	ENSG00000107807	10	102889256	0.00023872144930088
371	ENSG00000105497	19	52074550	0.000239873824470267
372	ENSG00000197905	12	3068495	0.000243095037494401
373	ENSG00000138738	4	121613069	0.00025211414947813
374	ENSG00000197362	7	148766734	0.000255521805846397
375	ENSG00000141448	18	19749403	0.000260932212850961
376	ENSG00000143373	1	151254093	0.000261136406960702
377	ENSG00000213676	6	32065952	0.000264470351047538
378	ENSG00000148826	10	134598296	0.000265565434598317
379	ENSG00000119574	19	59024896	0.000270975267493305
380	ENSG00000147421	8	28747910	0.000271510177335605
381	ENSG00000198176	13	114239055	0.000278583782835501
382	ENSG00000232040	6	28543793	0.000280500887046281
383	ENSG00000117707	1	214161273	0.000281206767232302
384	ENSG00000101883	23	119243010	0.000287867841622508
385	ENSG00000197841	19	35225059	0.000307851051006384
386	ENSG00000198440	19	56909334	0.000312818703769556
388	ENSG00000132024	19	14017013	0.000325046632786513
389	ENSG00000164736	8	55370494	0.000327647283297912
390	ENSG00000148516	10	31607423	0.000327896775573543
391	ENSG00000170260	7	148936741	0.000330508853220197
392	ENSG00000171606	19	58694395	0.000330688195979222
393	ENSG00000106689	9	126763948	0.000340589937545085
394	ENSG00000157554	21	39751948	0.00034412936011322
395	ENSG00000122085	2	242011583	0.000347074929536849
396	ENSG00000102145	23	48644961	0.000352009637534039
397	ENSG00000173258	9	114287438	0.000352079650367089
398	ENSG00000088876	20	2465172	0.000365328266665247
399	ENSG00000119715	14	76776956	0.000371724310468836
400	ENSG00000196453	7	149128453	0.000383550499174153
401	ENSG00000108813	17	48046333	0.000385847398335358
402	ENSG00000142700	1	50883221	0.000388792676307634
403	ENSG00000176182	19	46393277	0.000391769886714394
404	ENSG00000166432	23	101137261	0.00040642553361472
405	ENSG00000254004	19	37001596	0.000420088857555511
406	ENSG00000180806	12	54388678	0.000421136773814961
407	ENSG00000159140	21	34914923	0.000421207844145928
408	ENSG00000205922	19	1752371	0.000423225957903276
409	ENSG00000144026	2	95813074	0.000425299837625938
410	ENSG00000125817	20	3764497	0.000429126438348678
411	ENSG00000198039	7	64342870	0.000432122264353037
412	ENSG00000175395	10	38238499	0.000433928109368633
413	ENSG00000214575	15	83211950	0.000435349567262144
414	ENSG00000135111	12	115108058	0.000435392959183902
415	ENSG00000153879	19	33864235	0.000440908321890306
416	ENSG00000183621	10	31109135	0.000443166066405018
417	ENSG00000159556	15	76629064	0.000447893422037252
418	ENSG00000186766	10	129535498	0.000452008951504946
419	ENSG00000089116	12	113899838	0.000477808914950059
420	ENSG00000163795	2	27600097	0.000481225123435713
421	ENSG00000170448	4	47849256	0.0004818139761793
422	ENSG00000158805	16	89786807	0.000503330731454605
423	ENSG00000150051	10	27961803	0.000508627903692695
424	ENSG00000198342	19	12460184	0.000519143225298936
425	ENSG00000163623	4	85413139	0.000531073614184956
426	ENSG00000167034	8	23536205	0.000535853301900585
427	ENSG00000198453	19	37407265	0.000542325262666696
428	ENSG00000153814	7	27870191	0.000559050900844655
429	ENSG00000183072	5	172659111	0.000561062150486059
430	ENSG00000137871	15	56922378	0.000563721013291239
431	ENSG00000001167	6	41040683	0.00057400595780668
432	ENSG00000178187	5	178368191	0.000585739532993189
433	ENSG00000167074	22	41763336	0.000622703150757732
434	ENSG00000064961	19	3572774	0.000626649994518787
435	ENSG00000189120	17	45922278	0.000650086296222291
436	ENSG00000165061	8	40388108	0.000652382142956364
437	ENSG00000198795	18	22641889	0.000653775289044299
438	ENSG00000188171	19	20802866	0.000654890607164533
439	ENSG00000131196	18	77155855	0.000675437974106693
440	ENSG00000101096	20	50003493	0.000689380048983104
441	ENSG00000174428	7	74508363	0.00069641097130915
442	ENSG00000085644	16	3179777	0.000707818363923755
443	ENSG00000198464	19	52800429	0.000723123568536063
444	ENSG00000196646	19	12273878	0.000731025672734195
445	ENSG00000176407	2	85198215	0.000731562850364623
446	ENSG00000173068	9	16409500	0.000733869091622756
447	ENSG00000165030	9	94171326	0.000735585709425279
449	ENSG00000197054	19	12035889	0.000745553560504262
451	ENSG00000102878	16	67197287	0.000766434739603811
452	ENSG00000159592	1	46092975	0.000785025946923988
453	ENSG00000043355	13	100634025	0.000789065232396678
454	ENSG00000170370	10	119301954	0.000802862242057278
455	ENSG00000159905	19	44455374	0.000814071144426462
456	ENSG00000269699	19	57285919	0.000815801044834239
457	ENSG00000178573	16	79619739	0.000822855519147035
458	ENSG00000162761	1	165171103	0.000841053936171723
459	ENSG00000170631	8	146155743	0.000847064040367854
460	ENSG00000108509	17	4871286	0.000856301501979736
461	ENSG00000186416	23	118722299	0.000865927538008367
462	ENSG00000115297	2	74740589	0.000880083079345358
463	ENSG00000102908	16	69598996	0.00088154629955036
464	ENSG00000151702	11	128556429	0.000890961233775813
465	ENSG00000109787	4	38665816	0.000893994332831293
466	ENSG00000180818	12	54378848	0.000903014439419047
467	ENSG00000140265	15	43650369	0.000907953123073855
468	ENSG00000006194	16	3313742	0.000908038853966541
469	ENSG00000129535	14	24549315	0.000929717720199247
470	ENSG00000185420	1	245912641	0.000943421306446598
471	ENSG00000180855	19	12540520	0.000966251141887615
472	ENSG00000167528	12	48733790	0.000969650143716185
473	ENSG00000126351	17	38214542	0.000973539879210135
474	ENSG00000069011	5	134363424	0.000990112356886043
475	ENSG00000258405	19	52956828	0.0009971713923397
476	ENSG00000113580	5	142657495	0.00100172128399405
477	ENSG00000008441	19	13106421	0.00102279013871063
478	ENSG00000165702	9	135820931	0.00102829667614332
479	ENSG00000181896	19	19779662	0.00103150743728769
480	ENSG00000134852	4	56294069	0.00103664458321799
481	ENSG00000133937	14	95234552	0.00103875076155176
482	ENSG00000165259	23	83572881	0.00104089359985138
483	ENSG00000197757	12	54384407	0.0010424962408192
484	ENSG00000197044	19	11877814	0.00110414774697361
485	ENSG00000147862	9	14081841	0.00111154422719756
486	ENSG00000163792	2	27371871	0.00112617834066394
487	ENSG00000171827	19	37958486	0.00116553161251271
488	ENSG00000102804	13	45007654	0.00116704172688251
489	ENSG00000153207	1	247002399	0.00117805124648025
490	ENSG00000102901	16	67862059	0.0011917571552808
491	ENSG00000139515	13	28494156	0.00124981156537733
492	ENSG00000184271	12	51580718	0.0012580283156896
493	ENSG00000104856	19	45504687	0.0012589406075779
494	ENSG00000143578	1	153940009	0.00128483753945078
495	ENSG00000144792	3	44619714	0.00130195042969546
496	ENSG00000120837	12	104510854	0.0013025337256293
497	ENSG00000165156	8	124260695	0.00136573454863563
498	ENSG00000175691	19	2933215	0.00136769731376364
499	ENSG00000196757	19	12035882	0.00138562926723731
500	ENSG00000160352	19	21264964	0.00140633585851709
501	ENSG00000260027	17	46684593	0.00144979066312031
502	ENSG00000213973	19	22939006	0.00145774930782453
503	ENSG00000152284	2	85360532	0.00146944931074454
504	ENSG00000179111	17	8023907	0.00147044409558981
505	ENSG00000142409	19	56598731	0.00148164667753758
506	ENSG00000144161	2	112969101	0.00150405507596046
507	ENSG00000213999	19	19256376	0.00150978820635569
508	ENSG00000106511	7	15650836	0.00159830844521561
509	ENSG00000122034	13	27998680	0.00169113785836055
510	ENSG00000196345	3	44596684	0.00169684045297251
511	ENSG00000174652	19	9523271	0.00169712123215855
512	ENSG00000256223	12	133707160	0.00176251471948244
513	ENSG00000198040	12	133613877	0.00177809955761661
514	ENSG00000101493	18	74069643	0.00185063395625903
515	ENSG00000103241	16	86544132	0.00185346075231903
516	ENSG00000204947	7	148799875	0.00186778594446175
517	ENSG00000037965	12	54402831	0.00187835327186109
518	ENSG00000128714	2	176957618	0.00188185669795218
519	ENSG00000164631	7	6728063	0.00190480256717224
520	ENSG00000072736	16	68118653	0.00206085371068799
521	ENSG00000249471	19	58962970	0.00209259640689819
522	ENSG00000115041	2	95963051	0.00215862347035541
523	ENSG00000100207	22	42556018	0.00218622730757498
524	ENSG00000197714	19	57791418	0.00226408589740881
525	ENSG00000152192	13	79172496	0.00226540256823433
526	ENSG00000172733	8	30853320	0.00227226801491207
527	ENSG00000171786	1	160336856	0.00227373238400227
528	ENSG00000198205	23	57931863	0.00231317649596542
529	ENSG00000187187	19	40490040	0.00233801622021797
530	ENSG00000153560	3	33429827	0.0023541075824819
531	ENSG00000117010	1	40997232	0.0023806900717362
532	ENSG00000138073	2	27353623	0.00243670940175773
533	ENSG00000236104	6	33282182	0.00247691143731141
534	ENSG00000126733	23	85403461	0.00249053181165137
535	ENSG00000147117	23	47229981	0.00249783967545638
536	ENSG00000157933	1	2160133	0.00256341343435552
537	ENSG00000006377	7	96634859	0.00256515348792322
538	ENSG00000204531	6	31132118	0.00266454148081597
539	ENSG00000148737	10	114710008	0.00268296070075199
540	ENSG00000140968	16	85932408	0.00270133698869046
541	ENSG00000126705	1	27860545	0.00272040242468149
542	ENSG00000120690	13	41506055	0.00275808580340525
543	ENSG00000114439	3	107241782	0.00276418390022481
544	ENSG00000118513	6	135502452	0.00286781087347224
545	ENSG00000186026	19	44576296	0.00288820722694569
546	ENSG00000005102	17	41717755	0.00290479921010147
547	ENSG00000113916	3	187439164	0.00291469960435638
549	ENSG00000130803	19	9251055	0.00296807907298943
550	ENSG00000185869	19	37379025	0.0029708445271016
551	ENSG00000080603	16	30709529	0.00297546472749904
552	ENSG00000171169	9	130823511	0.00302155108159707
553	ENSG00000103199	16	4798239	0.00305310549966226
554	ENSG00000225614	16	88493878	0.00309843175662247
555	ENSG00000143390	1	151313115	0.0031129851617205
556	ENSG00000164107	4	174446119	0.00316779040710283
557	ENSG00000229676	19	22817125	0.00318984890464083
558	ENSG00000102189	12	93164412	0.00321326571236756
559	ENSG00000169951	16	30565084	0.00326828334277803
560	ENSG00000103343	16	3451234	0.00327788129931612
561	ENSG00000179588	16	88519724	0.00330022725491118
562	ENSG00000196268	19	21579920	0.00339122885238827
563	ENSG00000102935	16	49521434	0.00340535938046208
564	ENSG00000152784	4	81105032	0.00350036658191306
565	ENSG00000124151	20	46130600	0.00351516734406563
566	ENSG00000110925	12	51454989	0.00351768175987099
567	ENSG00000196247	7	64126510	0.00360880796616386
568	ENSG00000064218	9	976963	0.00368634176233564
569	ENSG00000121297	19	31765850	0.00368665636055633
570	ENSG00000179772	20	30432102	0.0037637402296621
571	ENSG00000139445	12	109715783	0.00376840485514513
572	ENSG00000071655	19	1576638	0.00379862474036433
573	ENSG00000166261	11	123594884	0.00390763850416285
574	ENSG00000176371	15	85144216	0.00391503370764546
575	ENSG00000159387	16	55357671	0.00398293889958458
576	ENSG00000100625	14	61176245	0.00400884442321466
577	ENSG00000083838	19	58985383	0.00411446543149969
578	ENSG00000157557	21	40177230	0.00427225038138469
579	ENSG00000197134	19	22235253	0.00427445440235743
580	ENSG00000124203	20	57766074	0.0044131536989919
581	ENSG00000161551	19	52359054	0.00442229251944865
582	ENSG00000196275	7	74210482	0.00442680667807304
583	ENSG00000005889	23	24167289	0.00456505442845832
584	ENSG00000141510	17	7565096	0.00460157370281982
585	ENSG00000204920	19	44472013	0.00477085938732658
586	ENSG00000182318	19	58838384	0.00486535305340798
587	ENSG00000164684	8	81540685	0.00487362065839426
588	ENSG00000184635	19	20011721	0.00487961821759325
589	ENSG00000187626	6	28212400	0.00499940556113128
590	ENSG00000170122	9	116236	0.00505178884846741
591	ENSG00000069812	1	6472477	0.00505923183164966
592	ENSG00000135457	12	51487445	0.00507354387737768
593	ENSG00000165821	14	21989231	0.00514148362816467
594	ENSG00000131116	19	44111370	0.00517042146843641
595	ENSG00000187815	1	40942886	0.00519271316408401
596	ENSG00000118689	6	108881037	0.00540835491349215
597	ENSG00000165556	13	28536273	0.00549048330200724
598	ENSG00000149922	16	30097113	0.00553353353252673
599	ENSG00000167840	17	5008835	0.00555226558894429
600	ENSG00000214022	7	150065277	0.00561021264452874
601	ENSG00000090612	12	133707569	0.00575337626199633
602	ENSG00000089094	12	121866899	0.00577887735511663
603	ENSG00000106554	7	132469628	0.00582949764661973
604	ENSG00000126767	23	47494919	0.00629483919596295
605	ENSG00000170689	17	46698517	0.00630136997329422
606	ENSG00000137203	6	10393418	0.00630498918813918
607	ENSG00000177374	17	1957447	0.00632538594866705
608	ENSG00000091656	8	77593453	0.0063330575941989
609	ENSG00000196150	8	146076631	0.00641197793598079
610	ENSG00000132846	5	76367896	0.00642059050591722
611	ENSG00000176472	19	44029648	0.00649724006080667
612	ENSG00000106852	9	124964855	0.00655261980679994
613	ENSG00000136451	17	56048909	0.00661132208440089
614	ENSG00000152926	7	64432153	0.00678955203694761
615	ENSG00000100105	22	31721789	0.00698434378537172
616	ENSG00000267680	19	44598491	0.00706088127061305
617	ENSG00000196460	2	102013822	0.00707465150023341
618	ENSG00000196628	18	52889561	0.00710873150943935
619	ENSG00000164330	5	158122927	0.00731590194781053
620	ENSG00000188283	19	37708827	0.00732253413749055
621	ENSG00000010818	6	143072603	0.0073285317450827
622	ENSG00000077150	10	104153866	0.00750263527655047
623	ENSG00000135164	7	86781676	0.00754351481256207
624	ENSG00000152804	10	94447944	0.00759040891108872
625	ENSG00000144355	2	172949467	0.00763771311580264
626	ENSG00000137166	6	41514163	0.00782808847496039
627	ENSG00000198146	15	35270541	0.00814554978655138
628	ENSG00000179195	12	124456391	0.00821799167195282
629	ENSG00000116604	1	156433518	0.00827766498180411
630	ENSG00000140632	16	4853203	0.00846380985702434
631	ENSG00000116539	1	155305058	0.00848774739653092
632	ENSG00000124232	20	43935490	0.0086687173580456
633	ENSG00000232237	1	201083080	0.00875374465506207
634	ENSG00000140396	8	71021996	0.00876164529341835
635	ENSG00000102034	23	129198848	0.00881486574912893
636	ENSG00000256087	19	52538394	0.00892333975049968
637	ENSG00000189164	19	37862062	0.00917769885051306
638	ENSG00000131931	8	42691816	0.00964891831588342
639	ENSG00000177873	3	40518603	0.00986459019582171
640	ENSG00000177888	1	197122809	0.00988344610960016
641	ENSG00000196812	6	28092337	0.00989816748646122
642	ENSG00000187595	17	40177593	0.0099183648747534
643	ENSG00000137265	6	391738	0.0103363817357575
644	ENSG00000143257	1	161199455	0.0103566396853524
645	ENSG00000105136	19	57999078	0.0106107214846524
646	ENSG00000181007	19	36874021	0.0107053050807438
647	ENSG00000132170	3	12328866	0.0107170026698071
648	ENSG00000131845	19	57862674	0.0107698169030477
649	ENSG00000092607	1	119425668	0.0111678250129063
650	ENSG00000159184	17	46802124	0.0113175702712217
651	ENSG00000132005	19	14072349	0.0117368596707659
652	ENSG00000139083	12	11802787	0.0122538125846467
653	ENSG00000198824	13	115079987	0.0123081109735067
654	ENSG00000126464	19	50094899	0.0123315812021025
655	ENSG00000158055	1	24645811	0.0123878846303962
657	ENSG00000177599	19	11908481	0.012602125135372
658	ENSG00000168610	17	40465341	0.0131879020085069
659	ENSG00000168348	14	36003247	0.0132150839155758
660	ENSG00000141040	17	16454700	0.013485944156895
661	ENSG00000123411	12	56401442	0.0135473938673101
662	ENSG00000105127	19	15464195	0.0137008745156522
663	ENSG00000114126	3	141663276	0.0137569642148588
664	ENSG00000171649	19	58089823	0.0137776687872794
665	ENSG00000065526	1	16174358	0.0138186646083902
666	ENSG00000143033	1	93544791	0.0139115797476481
667	ENSG00000178338	5	178286953	0.013953755111754
668	ENSG00000160007	19	47421932	0.0145875235572453
669	ENSG00000134874	13	96230456	0.0146383405427687
670	ENSG00000237440	19	20718630	0.0147569995908956
671	ENSG00000119403	9	123617976	0.0148350723361789
672	ENSG00000175727	12	122516627	0.0149275401871362
673	ENSG00000136352	14	36985601	0.0149330296799754
674	ENSG00000196458	12	133498018	0.0149595336002476
675	ENSG00000135148	12	112563304	0.0153522482567618
676	ENSG00000089775	14	64915823	0.0153634213780562
677	ENSG00000105722	19	42751723	0.0156161913857909
678	ENSG00000174586	19	58865722	0.0156274781087816
679	ENSG00000204604	19	53341260	0.0156449710434358
680	ENSG00000196653	3	44754134	0.0157253901109848
681	ENSG00000126561	17	40439564	0.0160349158476911
682	ENSG00000198911	22	42229108	0.0160457838662417
683	ENSG00000251493	5	72740653	0.0160864728355044
684	ENSG00000227124	3	75758793	0.0162892521673745
685	ENSG00000178150	19	48675574	0.0168890767180138
686	ENSG00000189420	23	152683779	0.0169993147969178
687	ENSG00000198807	14	37126772	0.0171320146073922
688	ENSG00000131914	1	26737268	0.0171436108022975
689	ENSG00000197279	6	28048752	0.0173960717613129
690	ENSG00000174332	1	53971909	0.0175203161569673
691	ENSG00000197363	8	146024260	0.017535141174047
692	ENSG00000106571	7	42000547	0.0175427585114667
693	ENSG00000267508	19	44886458	0.017605929266815
694	ENSG00000082641	17	46125720	0.0179402891048093
695	ENSG00000081386	9	99518146	0.018857384828809
696	ENSG00000164683	8	80676244	0.0189542663289108
697	ENSG00000205189	8	81397853	0.0192746918790063
698	ENSG00000179361	15	74833517	0.0194174127438207
699	ENSG00000204514	19	58360098	0.0196704103196772
700	ENSG00000160113	19	17342691	0.0196903579164616
701	ENSG00000173120	11	66886739	0.0197658649887694
702	ENSG00000251369	19	58046624	0.0198006941994363
703	ENSG00000267041	19	37205284	0.0198966920876991
704	ENSG00000198081	18	5289017	0.0201837178305959
705	ENSG00000197863	19	37308329	0.020453452569391
706	ENSG00000196605	19	9862668	0.0206184811543939
707	ENSG00000129071	3	129149786	0.0207042261452469
708	ENSG00000121417	19	58141760	0.0207123101270042
709	ENSG00000213762	19	58125600	0.0209901711434293
710	ENSG00000186448	3	44626379	0.0213788219661115
711	ENSG00000072310	17	17713712	0.0214869707818844
712	ENSG00000196417	19	53893045	0.0218351338639454
713	ENSG00000102870	16	30789777	0.0219218043384513
714	ENSG00000115966	2	175936977	0.0227270169267499
716	ENSG00000171291	19	11959540	0.0228677360787297
717	ENSG00000012223	3	46477135	0.0230675691680834
718	ENSG00000116819	1	36038970	0.0231114133472731
719	ENSG00000116809	1	16268363	0.0232167680916486
720	ENSG00000170549	5	3596167	0.0232370607899604
721	ENSG00000196418	1	247285276	0.0232768020772066
722	ENSG00000039600	5	157052686	0.0236287214250789
723	ENSG00000105717	19	19672521	0.0237339924202989
724	ENSG00000130544	19	7069454	0.0238781398044619
725	ENSG00000197008	7	64254765	0.0239605187600983
726	ENSG00000183340	11	96123152	0.0242167446552825
727	ENSG00000171443	19	56111387	0.024237553080828
728	ENSG00000166860	12	57392617	0.0244535802508111
729	ENSG00000198353	12	54410714	0.0244988377083912
730	ENSG00000121406	19	58038793	0.0252354196558134
731	ENSG00000189042	19	37178513	0.0252904672211183
732	ENSG00000186272	19	57922530	0.0255797462775767
733	ENSG00000164011	1	43312279	0.0256038772086126
734	ENSG00000221869	8	48649470	0.0257594146208023
735	ENSG00000158711	1	205577070	0.025962129738772
736	ENSG00000124444	19	44100543	0.0262365343365624
737	ENSG00000134954	11	128328659	0.0273603693869987
738	ENSG00000168916	5	123972608	0.0275204761027805
739	ENSG00000133250	19	8575461	0.0282806887607243
740	ENSG00000011590	19	36195428	0.0289806099795552
741	ENSG00000162924	2	61108655	0.0290677549395579
742	ENSG00000104885	19	2164147	0.0292141553517147
743	ENSG00000197497	19	53662465	0.02930192754572
745	ENSG00000137947	1	89318614	0.0294989104628651
746	ENSG00000178665	7	55955168	0.0296484982419131
747	ENSG00000106031	7	27233121	0.0304306326988106
748	ENSG00000176842	16	54964773	0.0318613851208764
749	ENSG00000181450	1	227751243	0.0318968714977664
750	ENSG00000161914	19	11594241	0.0319547752737569
751	ENSG00000105698	19	35759880	0.0322246849026285
752	ENSG00000172819	12	53604353	0.0323134085554537
753	ENSG00000176083	1	26688124	0.032418562515703
754	ENSG00000177683	7	108194986	0.0326636592916763
755	ENSG00000187079	11	12695968	0.0326915895501797
756	ENSG00000203883	20	62679075	0.0327592010996372
757	ENSG00000115568	2	219502638	0.0328713859380757
758	ENSG00000143178	1	168250277	0.0329304961967466
759	ENSG00000086102	9	33290508	0.0332742654979489
760	ENSG00000198538	19	53304562	0.0333521132534016
761	ENSG00000167785	19	8920379	0.0335782248874485
762	ENSG00000163435	1	201977072	0.0337386788529363
763	ENSG00000165655	10	77157587	0.0346630437016736
764	ENSG00000179348	3	128198269	0.0351973355945122
765	ENSG00000185669	16	88744089	0.0357600134730571
766	ENSG00000269343	19	58331098	0.0361175442518607
767	ENSG00000221923	19	52873169	0.0361274833717851
768	ENSG00000174738	3	23986750	0.0370612039218036
769	ENSG00000197343	7	99156028	0.037965972342128
770	ENSG00000128604	7	128577665	0.0386064748556725
771	ENSG00000088881	20	2673523	0.0389348225146892
772	ENSG00000162664	1	90460670	0.0391211341356469
773	ENSG00000184492	2	114256660	0.0398354296562438
774	ENSG00000178917	3	44540461	0.0398595248489459
775	ENSG00000177426	18	3411605	0.0401761971486741
776	ENSG00000126746	12	6775642	0.0403665931875165
777	ENSG00000130584	20	62375018	0.0404408741230686
778	ENSG00000183770	3	138663065	0.0405691587324227
779	ENSG00000104903	19	13209846	0.0406595617092884
780	ENSG00000186564	1	47901688	0.0407984450515916
781	ENSG00000146676	7	44915895	0.0408158408967604
782	ENSG00000109705	4	13542453	0.0408663055285575
783	ENSG00000253293	7	27210209	0.0409590548852979
784	ENSG00000119725	14	74353319	0.041028162026848
785	ENSG00000099326	19	59073297	0.0420622645041595
786	ENSG00000180532	19	58180302	0.0423776507031291
787	ENSG00000196843	2	97202479	0.0427276717755592
788	ENSG00000140009	14	64550949	0.0430632301122973
789	ENSG00000172789	12	54426636	0.0434554685806019
790	ENSG00000136870	9	104161154	0.0438790680498561
791	ENSG00000118707	20	35201890	0.0439646721490733
792	ENSG00000137504	11	85370751	0.0441825243775634
793	ENSG00000197037	7	99214568	0.0442691929026141
794	ENSG00000130182	16	3138894	0.0443878107869668
795	ENSG00000125520	20	62371213	0.0449554873172087
796	ENSG00000118156	19	48023941	0.0451337841066318
797	ENSG00000163848	3	124944404	0.0456563439704408
798	ENSG00000189180	10	38299577	0.046056305888861
799	ENSG00000005073	7	27221128	0.0461992241364639
800	ENSG00000120068	17	46688738	0.0478561351394476
801	ENSG00000171161	1	249132408	0.0480433990560867
802	ENSG00000114861	3	71003843	0.0480573797239693
803	ENSG00000171116	23	148855725	0.0482939769918805
804	ENSG00000161642	12	54762916	0.0483576379816506
805	ENSG00000182986	19	53367042	0.0486873207574307
806	ENSG00000127989	7	91321322	0.0488757329918011
807	ENSG00000138795	4	108968700	0.0491188438202241
808	ENSG00000167766	19	53097312	0.0493583571098132
809	ENSG00000188095	15	90303821	0.0493651160148674
810	ENSG00000168826	4	4291923	0.0498199050905493
811	ENSG00000243660	10	43932281	0.0499964688228703
812	ENSG00000189079	12	46123447	0.0508540427365215
813	ENSG00000198482	19	53030904	0.0511232539991537
814	ENSG00000170100	16	89284117	0.0512111493283425
815	ENSG00000167637	19	44331443	0.0514686505582188
816	ENSG00000110777	11	111228250	0.0520327279866401
817	ENSG00000157657	9	116638561	0.0528252590819345
818	ENSG00000198517	7	1570349	0.0536442886635765
819	ENSG00000197062	6	28234787	0.0540796131508334
820	ENSG00000180257	19	53430387	0.0541702119109438
821	ENSG00000159588	1	46085715	0.0544944692051766
822	ENSG00000170577	2	45232299	0.0552203754051829
823	ENSG00000087903	19	5993174	0.0556986492472466
824	ENSG00000131668	9	96713904	0.0565308159280869
825	ENSG00000076108	12	56989379	0.0566555932141113
826	ENSG00000111087	12	57853917	0.0574346035696998
827	ENSG00000134317	2	10085340	0.0574934760989797
828	ENSG00000197128	19	57978030	0.0575191000577007
829	ENSG00000174963	3	147103832	0.0580786755988652
830	ENSG00000139651	12	53574483	0.0582278836627964
831	ENSG00000081059	5	133450401	0.0586508134331247
832	ENSG00000166349	11	36537013	0.0588102270665926
833	ENSG00000175279	1	10490158	0.0591060094629596
834	ENSG00000164778	7	155250823	0.0594027972401704
835	ENSG00000122859	10	71331453	0.0596046388972374
836	ENSG00000111704	12	7940389	0.0603208740643954
837	ENSG00000181827	15	56379665	0.0610431430616335
838	ENSG00000196793	10	44051791	0.0644406974358934
839	ENSG00000183734	11	2289724	0.0650967738135908
840	ENSG00000188321	19	9434447	0.0651244422798267
841	ENSG00000189144	19	38229202	0.0653674425308205
842	ENSG00000160908	7	99084141	0.0655484390380695
843	ENSG00000198546	10	135122913	0.0658775980646352
844	ENSG00000198182	19	38187263	0.066599098639145
845	ENSG00000178764	8	123793632	0.0683609470431734
846	ENSG00000172379	15	80696691	0.0684574844309645
847	ENSG00000112511	6	33378175	0.0694216646808633
848	ENSG00000171872	1	44584521	0.0694549179751414
849	ENSG00000118058	11	118307204	0.0696600116858505
850	ENSG00000177946	16	90036205	0.0696780070363151
851	ENSG00000188295	1	247263263	0.070066100662015
852	ENSG00000249709	19	12636183	0.0707494270069357
853	ENSG00000151612	4	146678778	0.0711170886348516
854	ENSG00000197921	1	2460183	0.0714403137739861
855	ENSG00000168310	4	185308866	0.0716835286949135
856	ENSG00000169297	23	30322322	0.0735312343999436
857	ENSG00000120093	17	46627173	0.0737305585688248
858	ENSG00000196967	19	37597635	0.074160374825828
859	ENSG00000170365	4	146402345	0.0768420075129285
860	ENSG00000163497	2	219845808	0.076849140589492
861	ENSG00000131115	19	44711699	0.0785573034953754
862	ENSG00000180938	8	125985539	0.080017776838422
863	ENSG00000142556	19	52516017	0.0801870826253839
864	ENSG00000113430	5	1877540	0.0803301903681596
865	ENSG00000122482	1	91380858	0.0807898650592885
866	ENSG00000143365	1	151778546	0.0818971128750353
867	ENSG00000081665	19	19896647	0.0825472676540975
868	ENSG00000257591	19	12251031	0.0827334197948571
869	ENSG00000180479	19	38045683	0.0833489896757615
870	ENSG00000186496	18	32946660	0.0834454205849894
871	ENSG00000196705	19	21324826	0.0835829553011367
872	ENSG00000197647	19	12125546	0.0839508085881449
873	ENSG00000108511	17	46671638	0.0839663691804979
874	ENSG00000171735	1	6845383	0.0840744831238919
875	ENSG00000186814	18	32831031	0.0858619495284833
876	ENSG00000116990	1	40361097	0.0867884628250321
877	ENSG00000131848	19	56732680	0.087914118767652
878	ENSG00000161940	17	6926338	0.0884272084482185
879	ENSG00000136327	14	37049783	0.0887431326580256
880	ENSG00000131127	4	331602	0.0897390010799215
881	ENSG00000164916	7	4683387	0.0897701080186634
882	ENSG00000188227	19	37997840	0.0901757194806933
883	ENSG00000148143	9	109625377	0.0905290310339014
884	ENSG00000162714	1	247460713	0.0906599839683267
885	ENSG00000008196	6	50786435	0.0915360778838519
886	ENSG00000187792	22	24083768	0.0919049944245325
887	ENSG00000245680	19	37672480	0.0919982406478904
888	ENSG00000214336	2	88747725	0.0972147972195758
889	ENSG00000204231	6	33161364	0.0973759048587081
890	ENSG00000248483	5	93070507	0.0987433666485473
891	ENSG00000181666	19	37803738	0.099002912670067
892	ENSG00000186446	3	44771087	0.10005600144694
893	ENSG00000168269	5	169532900	0.101515701629268
894	ENSG00000106536	7	39017597	0.102685567189245
895	ENSG00000101190	20	61472466	0.104533022989686
896	ENSG00000161277	19	36525886	0.104680523432571
897	ENSG00000167981	16	3486103	0.104933666718074
898	ENSG00000120669	13	36742930	0.104938465910309
899	ENSG00000020633	1	25226001	0.105739721722704
900	ENSG00000113722	5	149546357	0.107341583602782
901	ENSG00000234616	8	143738873	0.109012250376838
902	ENSG00000121864	3	179040778	0.109812865346116
903	ENSG00000167555	19	52901101	0.110028178509014
904	ENSG00000173451	12	72056788	0.11155412456199
905	ENSG00000136603	3	170075465	0.111731579101994
906	ENSG00000198945	6	130334843	0.111866698358044
907	ENSG00000212993	8	128426534	0.112006883732324
908	ENSG00000118260	2	208394460	0.112365643344702
909	ENSG00000172818	11	65554492	0.11467975903181
910	ENSG00000136866	9	115800659	0.117352364239434
911	ENSG00000196378	8	145998498	0.118008994805929
912	ENSG00000105991	7	27132611	0.118767954516847
913	ENSG00000250312	4	124385	0.119138977718875
914	ENSG00000117595	1	209959035	0.119400159089168
915	ENSG00000197576	7	27168125	0.120246486571322
916	ENSG00000107249	9	3827697	0.121500246784242
917	ENSG00000185513	20	42136319	0.121722503416398
918	ENSG00000147180	23	84498996	0.121841029078437
919	ENSG00000095951	6	12008994	0.121913001276513
920	ENSG00000196693	10	43084554	0.122836627277917
921	ENSG00000169057	23	153287023	0.123147949745569
922	ENSG00000060566	19	4153597	0.123909412728557
923	ENSG00000068323	23	48886241	0.124579058586668
924	ENSG00000188868	19	12428290	0.124793940796702
925	ENSG00000177030	11	644232	0.125009420186288
926	ENSG00000147124	23	47305277	0.125995999908538
927	ENSG00000234444	7	63767836	0.126366172932522
928	ENSG00000166188	16	58028571	0.126744322931666
929	ENSG00000198429	19	11998598	0.126876088178687
930	ENSG00000187607	17	15602890	0.126930242199772
931	ENSG00000154957	17	11880755	0.127403890763318
932	ENSG00000025434	11	47269850	0.130690236533799
933	ENSG00000154832	18	47808712	0.131573724542235
934	ENSG00000198633	19	52932439	0.131617160383016
935	ENSG00000128710	2	176973517	0.131694105171558
936	ENSG00000125482	9	135251007	0.131878696712875
937	ENSG00000106459	7	129251554	0.132138773355667
938	ENSG00000168661	19	35417806	0.133715268617674
939	ENSG00000105866	7	21467651	0.134214218028744
940	ENSG00000187140	1	63788729	0.135389349269595
941	ENSG00000177463	3	14989090	0.135505960286526
942	ENSG00000005513	16	1031807	0.135690665622755
943	ENSG00000096654	6	27418521	0.137493930680109
944	ENSG00000184436	22	21353392	0.137809322169403
945	ENSG00000169981	3	44690218	0.137923019794877
946	ENSG00000065970	12	8185298	0.138220953153721
947	ENSG00000173875	19	12721731	0.139149882019315
948	ENSG00000229544	10	126135591	0.140011773023703
949	ENSG00000130751	19	47523076	0.140696349624344
950	ENSG00000116833	1	199996729	0.140998341606918
951	ENSG00000146285	6	108025307	0.141130302598432
952	ENSG00000096401	6	44355261	0.141344795852235
953	ENSG00000180318	12	85673884	0.141966118622735
954	ENSG00000162702	1	200374067	0.14338003465051
955	ENSG00000143614	1	153777200	0.143811146817945
956	ENSG00000109320	4	103422485	0.143814109333755
957	ENSG00000117036	1	157090982	0.144358169553363
958	ENSG00000197779	23	47696300	0.145849219025922
959	ENSG00000124459	19	44416780	0.146831825983409
960	ENSG00000175592	11	65659519	0.147420499002548
961	ENSG00000152454	19	58452200	0.147802683704996
962	ENSG00000171467	6	43274871	0.14964003309761
963	ENSG00000112033	6	35310334	0.150341457411112
964	ENSG00000130856	18	74534562	0.150580603223117
965	ENSG00000148200	9	127279553	0.151044303549383
966	ENSG00000183779	8	37553268	0.151219421216545
967	ENSG00000162676	1	92940318	0.151433049783061
968	ENSG00000164379	6	1312674	0.151612223019119
969	ENSG00000101076	20	42984339	0.152995865033879
970	ENSG00000160961	19	14800612	0.153257094301053
971	ENSG00000166823	15	90291891	0.153583074999059
972	ENSG00000149054	11	6947634	0.15379641000985
973	ENSG00000169740	10	44139306	0.154709582053783
974	ENSG00000261787	8	67858735	0.154716685719748
975	ENSG00000176678	16	86609973	0.155256853537657
976	ENSG00000130684	20	25654850	0.155815594230181
977	ENSG00000074657	18	56529831	0.156942499158571
978	ENSG00000083844	19	57702867	0.159936658056761
979	ENSG00000120075	17	46668618	0.160367559980944
980	ENSG00000124496	6	42192668	0.161432306176957
981	ENSG00000182742	17	46652874	0.16171585715232
982	ENSG00000182158	7	137559724	0.163550425514136
983	ENSG00000198551	19	11670188	0.166844797033001
984	ENSG00000130940	1	10696660	0.167639758540491
985	ENSG00000181315	6	26636517	0.169592739615104
986	ENSG00000185278	1	173837219	0.17259977444745
988	ENSG00000198455	23	57618268	0.173294433582436
989	ENSG00000130818	19	9638666	0.173938070719322
990	ENSG00000112592	6	170863389	0.174492561521209
991	ENSG00000168813	19	32836499	0.174505597288349
992	ENSG00000166268	12	70219083	0.174970430550197
993	ENSG00000083828	19	58281037	0.175012837260849
994	ENSG00000100811	14	100704634	0.175404950909117
995	ENSG00000171604	5	139026883	0.177039716008485
996	ENSG00000109381	4	139978373	0.178970424000856
997	ENSG00000185668	1	38509522	0.179298736119056
998	ENSG00000161405	17	37921197	0.179538935094929
999	ENSG00000169926	15	31619769	0.179955230089044
1000	ENSG00000140836	16	72816783	0.180648834949635
1001	ENSG00000170949	19	53569858	0.180953336964336
1002	ENSG00000197372	19	23708432	0.181755580880533
1003	ENSG00000172888	3	40566368	0.182253376372061
1004	ENSG00000173039	11	65421066	0.18316765462414
1005	ENSG00000168772	4	105389468	0.184257842573902
1006	ENSG00000104221	8	37700785	0.185709228625663
1007	ENSG00000106261	7	99613203	0.185831502422325
1008	ENSG00000108001	10	131633546	0.185857410598517
1009	ENSG00000123933	4	2249158	0.187087887538353
1010	ENSG00000205927	21	34398152	0.191426458696922
1011	ENSG00000133794	11	13298198	0.192984003832611
1012	ENSG00000168769	4	106067449	0.195548554570228
1013	ENSG00000112561	6	41651715	0.195857061469419
1014	ENSG00000204519	19	58193336	0.200004575685289
1015	ENSG00000167081	9	128509623	0.201826571626305
1016	ENSG00000186300	19	2841432	0.202662942117473
1017	ENSG00000120784	19	38104649	0.203729204496953
1018	ENSG00000128000	19	40534166	0.203947154023186
1019	ENSG00000104447	8	116420723	0.204184194208893
1020	ENSG00000197935	6	28962561	0.208652275991683
1021	ENSG00000166888	12	57489190	0.208712711291091
1022	ENSG00000186812	18	32820993	0.209203393997633
1023	ENSG00000128709	2	176987087	0.210383064420732
1024	ENSG00000125820	20	21491647	0.213456670221404
1025	ENSG00000074047	2	121493198	0.213947789340654
1026	ENSG00000236287	11	10871443	0.2144491576598
1027	ENSG00000204335	2	171571860	0.216207328296659
1028	ENSG00000184517	16	75182389	0.216556147781278
1029	ENSG00000124920	11	61520113	0.216958031508912
1030	ENSG00000121075	17	59529764	0.220269283295969
1031	ENSG00000164296	5	149372680	0.222553106121731
1032	ENSG00000171295	19	11925098	0.223625607871442
1033	ENSG00000179456	1	244214584	0.223729644594856
1034	ENSG00000184221	21	34442449	0.223914341567878
1035	ENSG00000180884	19	35447257	0.225048335363121
1036	ENSG00000172000	19	2867332	0.225206328190212
1037	ENSG00000118418	6	79910961	0.226697340955982
1038	ENSG00000178177	4	17842821	0.227299045173039
1039	ENSG00000164920	8	99956630	0.227774235845587
1040	ENSG00000197050	19	37498758	0.229792641770191
1041	ENSG00000198816	19	7580177	0.229826267005006
1042	ENSG00000170903	11	105866349	0.230546138017137
1043	ENSG00000172006	19	2819871	0.231523178628381
1044	ENSG00000186660	11	58346583	0.231528941414398
1045	ENSG00000124216	20	48599535	0.231963161367655
1046	ENSG00000184677	1	22778343	0.233014845762501
1047	ENSG00000135373	11	34642639	0.233373786675984
1048	ENSG00000006468	7	13930852	0.233428515609438
1049	ENSG00000179627	14	105266932	0.233688496893359
1050	ENSG00000091010	5	145718586	0.235621813612881
1051	ENSG00000167232	19	23487792	0.236061884843975
1052	ENSG00000177494	3	111311746	0.237284402900789
1053	ENSG00000138083	2	45168901	0.237612703566368
1054	ENSG00000110851	12	108126642	0.237816331365094
1055	ENSG00000178951	19	4044361	0.239023122791382
1056	ENSG00000143842	1	204042242	0.240523555799019
1057	ENSG00000025293	20	34359904	0.243252719713484
1058	ENSG00000063587	23	152599612	0.245814683004795
1059	ENSG00000126368	17	38249039	0.247910791234195
1060	ENSG00000176222	19	44376514	0.248306021245559
1061	ENSG00000048405	7	126986843	0.249953940945152
1062	ENSG00000117000	1	40627044	0.250646409983095
1063	ENSG00000123268	12	51157492	0.251427328748471
1064	ENSG00000004848	23	25021810	0.252820725149896
1065	ENSG00000151500	11	134118172	0.253665071236553
1066	ENSG00000124664	6	34505578	0.253959455448471
1067	ENSG00000106004	7	27180670	0.257074318034325
1068	ENSG00000179774	10	69990385	0.25841701467628
1069	ENSG00000176024	19	52430399	0.26199681603159
1070	ENSG00000166716	15	85291865	0.262385205933145
1071	ENSG00000251247	19	37341262	0.262735914771006
1072	ENSG00000213096	19	24216275	0.262738337088486
1073	ENSG00000196456	7	150065878	0.262949508043932
1074	ENSG00000161298	19	37095718	0.264667332445591
1075	ENSG00000196946	12	8290732	0.26528321039974
1076	ENSG00000188313	3	146232966	0.268566378909535
1077	ENSG00000160094	1	33722145	0.271918347412002
1078	ENSG00000186918	8	28203101	0.272703685940409
1079	ENSG00000251192	23	46357161	0.275619913650665
1080	ENSG00000119919	10	101292689	0.276613473154481
1081	ENSG00000197808	19	37128093	0.279284330836019
1082	ENSG00000152443	19	58258163	0.280995389385834
1083	ENSG00000169594	15	83924654	0.281180450307884
1084	ENSG00000186790	1	47881743	0.281531144986594
1085	ENSG00000164185	5	121465316	0.282605738940988
1086	ENSG00000256229	19	20278036	0.283346048907421
1087	ENSG00000131408	19	50832909	0.283545927235034
1088	ENSG00000176165	14	29235049	0.284236291578635
1089	ENSG00000269404	19	50922194	0.284580498229163
1090	ENSG00000135374	11	34500339	0.285559708740699
1091	ENSG00000256683	19	52467595	0.285855551455837
1092	ENSG00000196357	19	36673187	0.286463720808453
1093	ENSG00000182903	4	419603	0.287311633019289
1094	ENSG00000143355	1	197881036	0.288464124665814
1095	ENSG00000144852	3	119499330	0.289790832626755
1096	ENSG00000170608	19	46367246	0.290879017461594
1097	ENSG00000184058	22	19744225	0.291181211342715
1098	ENSG00000185155	1	226411318	0.292231080234832
1099	ENSG00000173275	23	134478720	0.292328750252219
1100	ENSG00000158691	6	28346731	0.293646222218435
1101	ENSG00000214717	23	2404454	0.294964955833906
1102	ENSG00000174446	15	66782472	0.29764308878238
1103	ENSG00000105708	19	19821279	0.298055975454377
1104	ENSG00000101544	18	77866914	0.299100207151427
1105	ENSG00000173253	9	1050353	0.302084010424499
1106	ENSG00000185404	2	231191898	0.302170681277474
1107	ENSG00000165512	10	45495922	0.304136130035923
1108	ENSG00000168062	11	64755414	0.304797673119651
1109	ENSG00000159885	19	44529493	0.308916174657503
1110	ENSG00000230257	7	102613968	0.310203584130837
1111	ENSG00000177853	10	97889471	0.311142691781892
1112	ENSG00000078399	7	27202053	0.311281342169529
1113	ENSG00000074219	19	49843851	0.31163131669786
1114	ENSG00000126804	14	64970429	0.312652433984891
1116	ENSG00000100987	20	25051520	0.313113989715135
1117	ENSG00000164093	4	111538578	0.313900465066742
1118	ENSG00000060138	12	10851682	0.314779669208684
1119	ENSG00000164334	5	118965253	0.315632571453194
1120	ENSG00000137270	6	52991761	0.3174302695068
1121	ENSG00000204060	1	41827593	0.31871839227478
1122	ENSG00000139352	12	103351463	0.318783261983405
1123	ENSG00000007372	11	31806339	0.321851453395164
1124	ENSG00000166704	19	58488420	0.322216876935789
1125	ENSG00000167685	19	56643967	0.322315062547314
1126	ENSG00000113761	5	176449696	0.322394544404336
1127	ENSG00000185811	7	50344377	0.323024452263272
1128	ENSG00000188785	19	57901217	0.323907044501609
1129	ENSG00000030419	2	213864428	0.326418847573519
1130	ENSG00000106038	7	27282163	0.326539137975699
1131	ENSG00000177508	16	54317215	0.326572570529723
1132	ENSG00000134323	2	16080685	0.327525943864692
1133	ENSG00000188629	19	9435020	0.328302745192102
1134	ENSG00000105997	7	27145802	0.330895588669166
1135	ENSG00000235109	6	28292513	0.332165171636541
1136	ENSG00000052850	11	44281993	0.332297131728078
1137	ENSG00000147601	8	73921098	0.333347779586468
1138	ENSG00000179965	16	30418617	0.333575935927959
1139	ENSG00000165804	14	21558204	0.334267001510926
1140	ENSG00000178860	8	72753783	0.336808529583508
1141	ENSG00000169955	16	30537243	0.337339468669452
1142	ENSG00000253831	1	157061835	0.337463042863411
1143	ENSG00000169155	9	129567284	0.337805055247759
1144	ENSG00000009950	7	73007523	0.337996802981778
1145	ENSG00000104976	19	7985200	0.338392808338088
1146	ENSG00000167380	19	44669225	0.343827961917373
1147	ENSG00000171970	19	2900895	0.34480838444421
1148	ENSG00000171448	9	125677844	0.345172180532055
1149	ENSG00000079263	2	231067825	0.347104973820611
1150	ENSG00000167377	16	71481499	0.34868288272018
1151	ENSG00000121903	1	33938245	0.34988208201752
1152	ENSG00000167554	19	52839497	0.350375362618219
1153	ENSG00000128713	2	176968943	0.350499918900443
1154	ENSG00000100968	14	24834878	0.350644854357908
1155	ENSG00000152433	19	57874844	0.351363602031332
1156	ENSG00000198521	19	21987751	0.351414669459397
1157	ENSG00000198105	10	38091750	0.351612062613166
1158	ENSG00000168152	4	83821836	0.35404481210071
1159	ENSG00000185219	3	44481261	0.355671145537464
1160	ENSG00000141579	17	80787310	0.356534218830169
1161	ENSG00000121454	1	180199420	0.357435416578207
1162	ENSG00000128272	22	39915699	0.358188852932215
1163	ENSG00000059122	16	2961937	0.359387754284162
1164	ENSG00000083817	19	58082933	0.361116957549947
1165	ENSG00000135547	6	126068809	0.361149407597048
1166	ENSG00000205143	9	34621375	0.362008595708592
1167	ENSG00000064489	19	19256375	0.362316211759227
1168	ENSG00000143067	1	120162044	0.363867547541702
1170	ENSG00000085276	3	168801286	0.36955598426263
1171	ENSG00000084093	4	57774074	0.369749161607053
1172	ENSG00000010803	1	41492871	0.369904812584697
1173	ENSG00000136535	2	162272604	0.370300188710622
1174	ENSG00000166454	16	81069451	0.370902987710987
1175	ENSG00000089335	19	35168543	0.373015194700053
1176	ENSG00000197124	19	20107866	0.375871638104697
1177	ENSG00000159917	19	44732881	0.375893769568964
1178	ENSG00000136931	9	127243515	0.37662220445068
1179	ENSG00000156273	21	30566391	0.378834305973676
1180	ENSG00000070444	17	2287353	0.379610726199873
1181	ENSG00000118263	2	207938860	0.380284733159285
1182	ENSG00000103449	16	51169885	0.383914388268596
1183	ENSG00000172845	2	174771186	0.38437015435595
1184	ENSG00000075407	10	38383263	0.385000527661971
1185	ENSG00000162086	16	3355405	0.386364589019947
1186	ENSG00000073861	17	45810609	0.387369889344897
1187	ENSG00000188070	11	63527363	0.387377377161253
1188	ENSG00000173153	11	64073043	0.387571033358353
1189	ENSG00000140548	15	90544623	0.388097411008398
1190	ENSG00000187855	12	108168161	0.388664089185864
1191	ENSG00000169635	22	21771692	0.39041118144493
1192	ENSG00000111783	12	106976684	0.391978205241236
1193	ENSG00000112333	6	108487261	0.392750130418604
1194	ENSG00000196700	20	62588054	0.393462411425957
1196	ENSG00000123685	1	212859759	0.397590335421397
1197	ENSG00000215271	14	23741665	0.39771276004748
1198	ENSG00000256294	19	44616333	0.397789690404688
1199	ENSG00000169989	4	153690505	0.398779795443677
1200	ENSG00000138336	10	70320412	0.398838814739836
1201	ENSG00000244405	3	185764096	0.399228133062824
1202	ENSG00000185002	6	117198374	0.401250252762727
1203	ENSG00000213015	19	56146381	0.40149550982685
1204	ENSG00000204611	19	52616343	0.40168090874799
1205	ENSG00000257446	19	12154619	0.402998883438544
1206	ENSG00000177842	3	40547482	0.406042995938842
1207	ENSG00000178919	9	100615535	0.409066170022511
1208	ENSG00000213799	19	53837001	0.409344950785919
1209	ENSG00000213588	6	33422355	0.409637584364191
1210	ENSG00000163132	4	4861392	0.410102946327338
1211	ENSG00000066827	8	135490030	0.410942780513992
1212	ENSG00000204524	19	57751972	0.416823479913987
1213	ENSG00000196597	9	99578753	0.421610788422432
1214	ENSG00000129028	15	71173680	0.423749245910867
1215	ENSG00000115112	2	121974162	0.424539169575316
1216	ENSG00000180535	7	97840738	0.428748980309935
1217	ENSG00000166529	7	99647389	0.43343325269991
1218	ENSG00000041988	1	6684925	0.433615380369506
1219	ENSG00000198914	2	105471968	0.437403395837058
1220	ENSG00000132604	16	69389463	0.440267859874813
1221	ENSG00000179922	19	56132107	0.446257656226743
1222	ENSG00000102974	16	67596309	0.446349458592849
1223	ENSG00000159915	19	44754317	0.452191387079957
1224	ENSG00000186130	9	125670334	0.454453445345735
1225	ENSG00000121068	17	59477256	0.456124137313918
1226	ENSG00000186376	23	134382866	0.45693814611955
1227	ENSG00000181472	6	151685251	0.457971614287558
1228	ENSG00000019549	8	49830248	0.458011675780448
1229	ENSG00000204103	20	39314487	0.458658682900502
1230	ENSG00000127445	19	9945932	0.460920456091429
1231	ENSG00000198740	17	47366567	0.461957178871335
1232	ENSG00000141644	18	47793251	0.464687000475064
1233	ENSG00000124092	20	56071034	0.465801571476093
1234	ENSG00000196391	15	90895476	0.468241029645638
1235	ENSG00000125812	20	23342786	0.468681724819818
1236	ENSG00000028839	6	134273307	0.471161715155883
1237	ENSG00000141258	17	2240791	0.471664460235616
1238	ENSG00000213967	19	24097678	0.47381850595557
1239	ENSG00000159263	21	38071432	0.474951076451764
1240	ENSG00000025156	6	122720690	0.477792121345203
1241	ENSG00000057657	6	106534194	0.47850422785238
1243	ENSG00000171574	19	58912870	0.48258298905577
1244	ENSG00000006047	17	7191570	0.483843056146629
1245	ENSG00000256463	18	76740274	0.484690260122079
1246	ENSG00000185591	12	53773959	0.484962513353912
1247	ENSG00000105967	7	115575201	0.488451157347962
1248	ENSG00000196172	19	23921996	0.489217455646271
1249	ENSG00000106624	7	44143959	0.490098610737435
1250	ENSG00000196132	20	62783143	0.491465632976918
1251	ENSG00000122691	7	19060613	0.494529734482123
1252	ENSG00000125285	13	95361885	0.49543335404973
1253	ENSG00000170374	12	53720361	0.496517720339691
1254	ENSG00000092067	14	23586512	0.498590027886257
1255	ENSG00000112200	6	56954807	0.502243157116387
1256	ENSG00000157613	11	46299211	0.502595941610948
1257	ENSG00000168214	4	26165076	0.504060549856244
1258	ENSG00000127124	1	41972035	0.504566025731238
1259	ENSG00000105392	19	48322702	0.504933741936526
1260	ENSG00000112837	6	85397090	0.506537856785195
1261	ENSG00000112246	6	100832890	0.512399674587777
1262	ENSG00000140987	16	3432084	0.514925229366416
1263	ENSG00000127081	9	95607873	0.519642894227054
1264	ENSG00000135638	2	73143388	0.520542698848226
1265	ENSG00000054598	6	1610680	0.521587428328822
1266	ENSG00000135365	11	45950870	0.525373681572065
1267	ENSG00000198783	17	33288548	0.525956104975172
1268	ENSG00000160199	21	44394619	0.530911078412364
1269	ENSG00000164749	8	76320148	0.531544043801028
1270	ENSG00000125850	20	17937622	0.531627543701305
1271	ENSG00000179930	1	182023704	0.531918866211457
1272	ENSG00000204532	19	56713669	0.533293669437409
1273	ENSG00000189308	4	83845755	0.5333302269289
1274	ENSG00000180346	4	90033967	0.533450100515616
1275	ENSG00000197063	17	79876145	0.539877052320475
1276	ENSG00000176692	16	86600856	0.542019472107852
1277	ENSG00000176946	2	242523819	0.544747194068838
1278	ENSG00000065978	1	43148097	0.545094135747509
1279	ENSG00000182141	19	21473961	0.545172209799337
1280	ENSG00000167384	19	44979853	0.545644018470543
1281	ENSG00000273274	1	32930669	0.546050110135704
1282	ENSG00000137492	11	76060999	0.548359092995714
1283	ENSG00000100644	14	62162230	0.550598094540762
1284	ENSG00000120149	5	174151535	0.556587578524231
1285	ENSG00000107175	9	35732331	0.557030903133064
1286	ENSG00000140262	15	57210820	0.557539164175734
1287	ENSG00000197114	20	62338816	0.557763130793716
1288	ENSG00000213988	19	20188802	0.558672585927143
1289	ENSG00000174796	4	76439155	0.560028100062836
1290	ENSG00000079432	19	42772688	0.563942707798102
1291	ENSG00000229809	16	30580666	0.56608878767959
1292	ENSG00000120798	12	95414004	0.569471796293976
1293	ENSG00000198315	6	28109687	0.570132058612093
1294	ENSG00000107859	10	103989942	0.571515801010579
1295	ENSG00000164048	3	48282589	0.573660232767077
1296	ENSG00000186020	19	37039002	0.57665860716088
1297	ENSG00000106948	9	117096435	0.583265160234422
1298	ENSG00000171532	17	37759788	0.586299019299333
1299	ENSG00000196267	19	52657116	0.588654384970635
1300	ENSG00000114315	3	193853933	0.589203431321664
1301	ENSG00000067646	24	2803111	0.594592333258861
1302	ENSG00000120094	17	46605887	0.594899682418149
1303	ENSG00000125813	20	21686296	0.595471812044897
1304	ENSG00000067066	2	231280656	0.595607560595815
1305	ENSG00000066336	11	47376410	0.59586865939092
1306	ENSG00000170561	5	2748924	0.595902305358613
1307	ENSG00000085274	3	169490618	0.59834754675151
1308	ENSG00000142065	19	36827161	0.601409702284339
1309	ENSG00000174197	15	41913421	0.60151061673424
1310	ENSG00000152439	19	58011282	0.605481832813331
1311	ENSG00000111145	12	96588159	0.606883495691703
1312	ENSG00000177045	19	46268042	0.608885557798888
1313	ENSG00000160685	1	154975126	0.610037627780635
1314	ENSG00000118217	1	161736083	0.610145688098194
1315	ENSG00000145908	5	150273953	0.611615353449548
1316	ENSG00000184937	11	32409320	0.613815119503349
1317	ENSG00000107485	10	8095566	0.615952703895408
1318	ENSG00000198346	19	53970999	0.616233836710151
1319	ENSG00000181444	7	149461270	0.619760288836645
1320	ENSG00000170166	2	177015949	0.621230906394855
1321	ENSG00000171634	17	65821639	0.622096542587869
1322	ENSG00000177551	1	116378997	0.622534078786892
1323	ENSG00000151650	10	135050907	0.624861935213936
1324	ENSG00000106006	7	27185014	0.624872228524191
1325	ENSG00000129194	17	7491495	0.626479623067284
1326	ENSG00000105996	7	27139720	0.62761034967249
1327	ENSG00000197566	17	16524050	0.628069580249463
1328	ENSG00000128645	2	177053306	0.628564713530954
1329	ENSG00000139154	12	19556999	0.631521414897246
1330	ENSG00000147488	8	53023398	0.633740174619035
1331	ENSG00000124613	6	27342393	0.635622829365471
1332	ENSG00000175787	9	97021592	0.635946754162753
1333	ENSG00000136367	14	23990065	0.63743378204025
1334	ENSG00000135625	2	73518057	0.63986475138024
1335	ENSG00000166478	11	9481865	0.640043955915722
1336	ENSG00000146592	7	28338939	0.641621112816928
1337	ENSG00000167157	9	132427919	0.643807585714877
1338	ENSG00000186777	4	264463	0.644254851681997
1339	ENSG00000036549	1	78030184	0.645154585965686
1340	ENSG00000163909	1	40089824	0.646529783338205
1341	ENSG00000162601	1	59120410	0.648401839623976
1342	ENSG00000105672	19	36132646	0.651154032600228
1343	ENSG00000130254	19	5587009	0.651692660629702
1344	ENSG00000065029	6	35226758	0.653157819381199
1345	ENSG00000066136	1	41157319	0.65668046964409
1346	ENSG00000167800	11	67398773	0.658448809885576
1347	ENSG00000112365	6	109783796	0.659626015689359
1348	ENSG00000136574	8	11534467	0.662634725944021
1349	ENSG00000125945	1	23685940	0.663535569814681
1350	ENSG00000073282	3	189349204	0.665837577067061
1351	ENSG00000135100	12	121416345	0.667629384783553
1352	ENSG00000163666	3	57231943	0.668378218647287
1353	ENSG00000184939	16	68563992	0.670352686928642
1354	ENSG00000185670	11	62518434	0.670660524999974
1356	ENSG00000166211	12	101869198	0.675776114420988
1357	ENSG00000173917	17	46618255	0.675903873536894
1358	ENSG00000070476	3	126156443	0.681152833422953
1359	ENSG00000180626	17	5082830	0.68452619500896
1360	ENSG00000127152	14	99635623	0.685763507027565
1361	ENSG00000178229	19	57831876	0.686332510133574
1362	ENSG00000173041	7	63980261	0.687747143906304
1363	ENSG00000163508	3	27757439	0.690453948564563
1364	ENSG00000135899	2	231033633	0.691666821956708
1365	ENSG00000125347	5	131817300	0.695522786548404
1366	ENSG00000174255	3	113953482	0.696770074182978
1367	ENSG00000123095	12	26272958	0.697977597666046
1368	ENSG00000204644	6	29640168	0.700403165189898
1369	ENSG00000136944	9	129376721	0.702076906571465
1370	ENSG00000178386	19	44555519	0.70689746460178
1371	ENSG00000119608	14	75319735	0.708642412703907
1372	ENSG00000198028	19	9577182	0.710019284518734
1373	ENSG00000165606	10	50572236	0.711780628042317
1374	ENSG00000170325	11	129769600	0.714710925721223
1375	ENSG00000169136	19	50431958	0.721338478643959
1376	ENSG00000213793	19	53418448	0.722965480061347
1377	ENSG00000172216	20	48807375	0.726636783987894
1378	ENSG00000062370	19	44830707	0.729643070139747
1379	ENSG00000066422	3	101367732	0.731532961274471
1380	ENSG00000167562	19	53073525	0.731743088649365
1381	ENSG00000162419	1	28995243	0.732923572150728
1382	ENSG00000116132	1	170631868	0.733837058256519
1383	ENSG00000263002	19	44645709	0.73676745314977
1384	ENSG00000168286	16	67876212	0.737103648758887
1385	ENSG00000242852	19	12571997	0.737718271991986
1386	ENSG00000118620	19	21203425	0.739185025449575
1387	ENSG00000159882	19	44507099	0.744580846176961
1388	ENSG00000198815	1	42642209	0.74628776173092
1389	ENSG00000214029	12	133694739	0.747611485641596
1390	ENSG00000189298	6	28317690	0.750483704836724
1391	ENSG00000204859	1	6640060	0.754806913285197
1392	ENSG00000064195	17	48067368	0.758723229213083
1393	ENSG00000111424	12	48235319	0.759005215192729
1394	ENSG00000156853	16	30613878	0.759738120311695
1395	ENSG00000125618	2	113973573	0.770437989153409
1396	ENSG00000221994	23	47842755	0.772108139636024
1397	ENSG00000173480	19	58411663	0.774676846637958
1398	ENSG00000115816	2	37428754	0.776509009166421
1399	ENSG00000075891	10	102495359	0.778452154292049
1400	ENSG00000119866	2	60678301	0.77862233864309
1401	ENSG00000245848	19	33790839	0.779041397717221
1402	ENSG00000171469	19	9715355	0.779744944889487
1403	ENSG00000136997	8	128747679	0.780998252055955
1404	ENSG00000182759	8	144501351	0.782293984831771
1405	ENSG00000119042	2	200134222	0.783643852738221
1406	ENSG00000102554	13	73629113	0.784310765988561
1407	ENSG00000063438	5	304290	0.787569005449261
1408	ENSG00000062194	5	56469774	0.787775189176694
1409	ENSG00000188981	4	3246095	0.789000102935022
1410	ENSG00000197385	3	32023262	0.791978395889221
1411	ENSG00000155592	16	25247321	0.793194402597069
1412	ENSG00000105516	19	49133286	0.794970212061112
1413	ENSG00000059728	2	70124819	0.798325302032149
1414	ENSG00000173404	20	20348764	0.800691143142971
1415	ENSG00000152475	19	58878984	0.800985276923489
1416	ENSG00000135903	2	223064606	0.807305069456584
1417	ENSG00000197020	19	21905567	0.807365839778045
1418	ENSG00000175879	2	176994421	0.810829089165862
1419	ENSG00000122592	7	27193334	0.811763112046258
1420	ENSG00000165066	8	41502696	0.811971800389976
1421	ENSG00000117505	1	93811444	0.812002593392789
1422	ENSG00000170653	12	53901639	0.813984389136837
1423	ENSG00000132010	19	12203657	0.818113755539964
1424	ENSG00000137273	6	1390068	0.818134553114356
1425	ENSG00000221818	8	25699245	0.820936651067061
1426	ENSG00000124782	6	7107829	0.823380526868574
1427	ENSG00000196092	9	36833271	0.824017263686801
1429	ENSG00000109101	17	26833260	0.825270271308265
1430	ENSG00000196152	9	130186660	0.825360904046086
1431	ENSG00000188779	15	68112041	0.826601602722365
1432	ENSG00000007866	6	35441373	0.82859007444041
1433	ENSG00000178935	19	58315208	0.830343824872702
1434	ENSG00000043039	11	129245834	0.834142246460516
1435	ENSG00000129514	14	38059188	0.835696450197036
1436	ENSG00000134046	18	51679078	0.837993170921282
1437	ENSG00000080298	9	3218296	0.838027674072903
1438	ENSG00000089225	12	114791735	0.838045360441428
1439	ENSG00000257923	7	101458958	0.840381546483698
1440	ENSG00000177125	9	129622943	0.840978811980293
1441	ENSG00000249459	17	18561741	0.842779207609851
1442	ENSG00000204304	6	32152511	0.842889628474844
1443	ENSG00000131759	17	38465443	0.846511337429095
1444	ENSG00000126603	16	4364761	0.847094913308173
1445	ENSG00000175322	18	14057455	0.849009487486527
1446	ENSG00000125798	20	22561642	0.849496139344168
1447	ENSG00000108788	17	40719085	0.851545188512461
1448	ENSG00000125952	14	65472891	0.851985326274658
1449	ENSG00000160229	19	20959109	0.858360351438022
1450	ENSG00000188994	6	87865266	0.868908890055616
1451	ENSG00000243943	2	27805896	0.873550971430288
1452	ENSG00000166949	15	67356100	0.876340047443235
1453	ENSG00000152977	3	147111208	0.877637748745272
1454	ENSG00000136504	17	47865916	0.878463448673329
1455	ENSG00000186017	19	36936020	0.884593662115231
1456	ENSG00000134107	3	5020800	0.884687632981037
1457	ENSG00000170802	2	48541775	0.885655450723471
1458	ENSG00000156374	10	105062552	0.888656227029896
1459	ENSG00000181449	3	181429713	0.89098765578664
1460	ENSG00000160224	21	45705720	0.896611221138404
1461	ENSG00000138378	2	191894301	0.898735060613111
1462	ENSG00000129654	17	74132413	0.900290138034253
1463	ENSG00000197213	19	56700938	0.901827968059698
1464	ENSG00000137709	11	120107348	0.908966050213082
1465	ENSG00000157429	16	71512185	0.918673634642655
1466	ENSG00000196233	10	98592016	0.919968575446306
1467	ENSG00000028277	19	42590262	0.925276301325054
1468	ENSG00000180357	15	64791490	0.925720714430562
1469	ENSG00000196466	19	12500829	0.926443973483196
1470	ENSG00000181690	8	57073462	0.926843399556922
1471	ENSG00000125878	20	584440	0.927150286564568
1472	ENSG00000196387	12	133656423	0.928741398205263
1473	ENSG00000102984	16	71893582	0.93079719952294
1474	ENSG00000087510	20	55204357	0.932017406770412
1475	ENSG00000168795	9	37438110	0.933867458619995
1476	ENSG00000016082	5	50678920	0.93716943646206
1477	ENSG00000213020	19	53206065	0.93763260364886
1478	ENSG00000185960	23	585078	0.944125885354566
1479	ENSG00000197782	19	40575058	0.945330840420556
1480	ENSG00000123405	12	54685894	0.946470994431586
1481	ENSG00000140993	16	3348831	0.949652822168561
1482	ENSG00000197951	19	57106631	0.95092059467299
1483	ENSG00000188033	19	12688774	0.955199460238768
1484	ENSG00000105419	19	47906380	0.961027050864426
1485	ENSG00000105750	19	21106027	0.963159329618817
1486	ENSG00000186051	9	108424737	0.966564121239732
1487	ENSG00000170485	2	101436613	0.968229365309034
1488	ENSG00000214534	11	71525090	0.96931941844069
1489	ENSG00000083307	8	102504659	0.972593639779674
1490	ENSG00000136630	1	221051698	0.973440034457997
1491	ENSG00000256771	19	19976694	0.975866142731733
1492	ENSG00000083812	19	58978422	0.978856965124938
1493	ENSG00000197933	19	11832079	0.979834461273288
1494	ENSG00000113658	5	135468533	0.980865846674956
1495	ENSG00000128652	2	177001339	0.985552408752542
1496	ENSG00000151657	10	7792924	0.98755612657163
1497	ENSG00000106546	7	17338245	0.990410489863833
1498	ENSG00000153896	19	35248980	0.996088795914304
1499	ENSG00000183850	19	23258011	0.99765513867382
1500	ENSG00000198839	7	111846642	0.997743003733416
