	SNP	Chromosome	Position	trait1
1	ENSG00000130544	19	7069454	8.92559034685352e-16
2	ENSG00000159882	19	44507099	1.18471571127972e-08
3	ENSG00000173875	19	12721731	8.52286598497865e-10
4	ENSG00000164093	4	111538578	3.65909391405201e-11
5	ENSG00000170178	2	176964457	3.03303994221782e-09
6	ENSG00000187855	12	108168161	3.55501624275708e-08
7	ENSG00000172006	19	2819871	5.57280653240139e-11
8	ENSG00000171872	1	44584521	5.17911599425197e-07
9	ENSG00000138136	10	102986732	3.35941898772831e-07
10	ENSG00000162624	1	75594118	5.57806483312671e-09
11	ENSG00000171469	19	9715355	1.06476617742558e-09
12	ENSG00000167384	19	44979853	1.90748160944249e-06
13	ENSG00000197757	12	54384407	2.78771842609285e-08
14	ENSG00000256294	19	44616333	5.83435154786101e-06
15	ENSG00000086102	9	33290508	6.01625678736725e-07
16	ENSG00000185670	11	62518434	1.66042861213052e-07
17	ENSG00000149948	12	66217910	2.28275162120929e-15
18	ENSG00000197587	1	46972667	2.85199123838219e-09
19	ENSG00000124216	20	48599535	2.47791481614594e-11
20	ENSG00000142065	19	36827161	1.95072489790215e-07
21	ENSG00000176887	2	5832798	2.90466697214905e-11
22	ENSG00000172789	12	54426636	3.06265089423294e-07
23	ENSG00000171817	19	38042307	4.56724193776654e-13
24	ENSG00000185122	8	145515279	4.35143474164199e-07
25	ENSG00000128713	2	176968943	1.08858877958169e-07
26	ENSG00000185811	7	50344377	1.67076373524223e-07
27	ENSG00000131668	9	96713904	1.64254697955134e-10
28	ENSG00000124203	20	57766074	1.22555142736714e-13
29	ENSG00000151500	11	134118172	4.14125080750717e-07
30	ENSG00000197054	19	12035889	3.1894260861235e-13
31	ENSG00000198081	18	5289017	3.37014580486327e-05
32	ENSG00000159184	17	46802124	6.39035559023645e-07
33	ENSG00000037965	12	54402831	8.03488941736885e-09
34	ENSG00000113196	5	153854531	7.04474355611617e-06
35	ENSG00000188283	19	37708827	3.85901898472615e-06
36	ENSG00000092607	1	119425668	5.38425777222725e-06
37	ENSG00000147421	8	28747910	6.49339799559418e-05
38	ENSG00000129152	11	17741114	2.13067307838547e-08
39	ENSG00000143006	1	53925071	6.98870455378617e-05
40	ENSG00000100105	22	31721789	4.0203617529128e-07
42	ENSG00000196466	19	12500829	1.30263321120317e-05
43	ENSG00000123364	12	54332534	2.39624498099931e-06
44	ENSG00000066697	9	103189437	5.1261978897413e-10
45	ENSG00000117010	1	40997232	1.61495374161133e-09
46	ENSG00000168505	2	237073878	4.11029323353147e-05
47	ENSG00000111206	12	2966846	2.36268506675591e-19
48	ENSG00000130803	19	9251055	2.48860727625517e-06
49	ENSG00000091656	8	77593453	1.95462623656879e-11
50	ENSG00000175592	11	65659519	4.74161164242342e-11
51	ENSG00000197044	19	11877814	8.44652463381371e-09
52	ENSG00000184937	11	32409320	2.1870594965982e-09
53	ENSG00000196646	19	12273878	6.54770400896788e-09
54	ENSG00000148704	10	118888031	1.66523249602394e-07
55	ENSG00000148826	10	134598296	0.000149797315989471
56	ENSG00000113430	5	1877540	0.000158752620637671
57	ENSG00000156853	16	30613878	0.00013948544272536
58	ENSG00000183072	5	172659111	1.54900802775226e-07
59	ENSG00000180787	17	4981542	2.5933594908297e-10
60	ENSG00000197841	19	35225059	2.53455482207945e-09
61	ENSG00000197857	19	12335500	8.60182109623539e-10
62	ENSG00000139515	13	28494156	1.28875437499103e-05
63	ENSG00000196653	3	44754134	6.99852304748759e-07
64	ENSG00000176678	16	86609973	2.25495340113263e-05
65	ENSG00000198715	1	156259879	8.64541329504014e-06
66	ENSG00000181896	19	19779662	1.01161543020812e-10
67	ENSG00000179456	1	244214584	1.21964504517006e-06
68	ENSG00000196275	7	74210482	1.81973073052729e-08
69	ENSG00000128714	2	176957618	4.65023063954095e-06
70	ENSG00000159917	19	44732881	1.73700736088615e-05
71	ENSG00000249709	19	12636183	5.80203929949989e-06
73	ENSG00000130818	19	9638666	1.02480214857265e-07
74	ENSG00000180855	19	12540520	6.85677155787157e-10
75	ENSG00000137309	6	34204649	2.21461830514726e-14
76	ENSG00000163064	2	119599746	4.47112047675783e-07
77	ENSG00000176407	2	85198215	1.35615404852262e-05
78	ENSG00000179059	4	188916924	4.12352635724112e-05
79	ENSG00000132846	5	76367896	8.97267209510751e-05
80	ENSG00000073861	17	45810609	1.20857064541754e-08
82	ENSG00000136603	3	170075465	1.52931317852019e-05
83	ENSG00000221818	8	25699245	3.51234057051817e-05
84	ENSG00000101057	20	42295753	6.6894221968774e-17
85	ENSG00000196605	19	9862668	1.15661924220184e-06
86	ENSG00000267680	19	44598491	3.96558182063537e-08
87	ENSG00000166526	7	99661655	0.000215857935056709
88	ENSG00000179111	17	8023907	0.000120898685153221
89	ENSG00000186496	18	32946660	9.06576461697886e-08
90	ENSG00000115163	2	26987156	9.28841483706481e-19
91	ENSG00000229809	16	30580666	1.10519889127944e-06
92	ENSG00000109381	4	139978373	0.000484449624399643
93	ENSG00000180053	8	23559963	0.000740242170125951
94	ENSG00000168826	4	4291923	5.36152554259273e-07
95	ENSG00000167528	12	48733790	1.10283196431201e-05
96	ENSG00000139800	13	100615217	4.17486865052065e-13
97	ENSG00000165556	13	28536273	0.000144673792028222
98	ENSG00000163909	1	40089824	7.86036255884703e-07
99	ENSG00000127445	19	9945932	0.000215465922965634
100	ENSG00000186446	3	44771087	6.7755241022293e-05
101	ENSG00000122691	7	19060613	8.03506760847985e-08
102	ENSG00000178386	19	44555519	8.54666547184406e-06
103	ENSG00000019549	8	49830248	4.86349227291107e-06
104	ENSG00000172748	8	182136	4.2827857234853e-05
105	ENSG00000108924	17	53342372	7.03345353247959e-15
106	ENSG00000197016	19	57078879	4.08654339778365e-05
107	ENSG00000196812	6	28092337	1.15393353891469e-06
108	ENSG00000146285	6	108025307	3.40772474911926e-09
109	ENSG00000083814	19	58231118	3.96066080313126e-08
110	ENSG00000169955	16	30537243	7.973055078505e-06
111	ENSG00000188868	19	12428290	2.02510008934595e-05
112	ENSG00000129535	14	24549315	5.50387049276122e-08
113	ENSG00000136169	13	50018428	2.40819593204472e-08
114	ENSG00000089116	12	113899838	0.000499234666156637
115	ENSG00000165030	9	94171326	0.000389972312589628
116	ENSG00000018869	19	56887412	4.33202960489559e-05
117	ENSG00000225614	16	88493878	1.2529040596764e-05
118	ENSG00000106948	9	117096435	2.27274767217525e-08
119	ENSG00000197933	19	11832079	4.11565334338925e-08
120	ENSG00000101115	20	50400580	2.30524711147872e-05
121	ENSG00000186951	22	46546423	7.24540236306024e-05
122	ENSG00000123388	12	54366909	9.27402573727286e-05
123	ENSG00000177468	6	137813335	9.47508223025685e-06
124	ENSG00000197123	7	63688851	4.45747329740976e-05
125	ENSG00000136944	9	129376721	6.77888122563324e-05
126	ENSG00000237765	4	15683284	2.65909569867462e-06
127	ENSG00000214534	11	71525090	0.00149557702143047
128	ENSG00000109705	4	13542453	9.66985936141194e-07
129	ENSG00000198939	5	178322894	5.69178514439278e-05
130	ENSG00000106038	7	27282163	0.000808234085444372
131	ENSG00000156273	21	30566391	3.70806668381752e-05
132	ENSG00000151623	4	148999912	9.68438047256139e-09
133	ENSG00000168152	4	83821836	1.94117463024759e-05
134	ENSG00000170689	17	46698517	5.02247432923292e-07
135	ENSG00000197063	17	79876145	1.36460722682843e-06
136	ENSG00000157429	16	71512185	1.69922796727678e-05
137	ENSG00000171970	19	2900895	1.65274590982136e-06
138	ENSG00000174428	7	74508363	1.12354051592846e-06
139	ENSG00000131849	19	58944180	1.53557384114562e-05
140	ENSG00000213921	19	40267234	0.00180423522629454
141	ENSG00000166211	12	101869198	6.20046815565916e-05
142	ENSG00000174796	4	76439155	0.00180832992956448
143	ENSG00000182111	7	57509882	0.00040754635248998
144	ENSG00000175197	12	57910370	0.000222319460909152
145	ENSG00000074657	18	56529831	0.00020603541867448
146	ENSG00000214029	12	133694739	0.00143688355161255
147	ENSG00000197579	9	32540541	0.000824790720104097
148	ENSG00000188321	19	9434447	0.000204788377094106
149	ENSG00000080298	9	3218296	7.80172162834597e-05
150	ENSG00000132010	19	12203657	1.27998633931735e-05
151	ENSG00000176692	16	86600856	0.000103880692773367
152	ENSG00000137090	9	841689	0.00170263096695121
153	ENSG00000198551	19	11670188	1.809449020166e-05
154	ENSG00000123636	2	160175489	0.00217530924588932
155	ENSG00000103199	16	4798239	0.000241293909049484
156	ENSG00000196387	12	133656423	0.0024348630413866
157	ENSG00000167074	22	41763336	4.34433029713334e-08
158	ENSG00000178935	19	58315208	6.18218597726729e-06
159	ENSG00000105967	7	115575201	0.000332292850234109
160	ENSG00000174279	2	176942199	0.000257755093958674
161	ENSG00000164048	3	48282589	2.62978924368655e-10
162	ENSG00000095574	10	124750321	1.12646005834918e-05
163	ENSG00000109132	4	41746098	0.0001548046722409
164	ENSG00000214717	23	2404454	0.00172228355263313
165	ENSG00000089225	12	114791735	0.000945423696970649
166	ENSG00000069011	5	134363424	1.62577569686698e-09
167	ENSG00000168795	9	37438110	2.63725778594298e-05
168	ENSG00000161405	17	37921197	2.02728189649814e-09
169	ENSG00000197921	1	2460183	9.21549371900114e-06
170	ENSG00000162702	1	200374067	2.942295192056e-05
171	ENSG00000130254	19	5587009	2.44439818672456e-05
172	ENSG00000167380	19	44669225	0.000204739254278854
173	ENSG00000198342	19	12460184	1.58740742077509e-05
174	ENSG00000177873	3	40518603	4.63716758580421e-05
175	ENSG00000131848	19	56732680	0.000246168909263535
176	ENSG00000153207	1	247002399	0.00123559263713427
177	ENSG00000212993	8	128426534	5.86679462245662e-08
178	ENSG00000184436	22	21353392	0.000348096530596282
179	ENSG00000184481	23	70316046	0.000133868904167769
180	ENSG00000151702	11	128556429	0.000773226351923991
181	ENSG00000138380	2	203776936	0.000339055227411057
182	ENSG00000081386	9	99518146	9.06851793436621e-06
183	ENSG00000180035	16	30389632	0.000635264653808682
184	ENSG00000169548	22	22868059	0.000357524738741247
185	ENSG00000197037	7	99214568	0.000225231064578482
186	ENSG00000196152	9	130186660	1.20696606288135e-08
187	ENSG00000157613	11	46299211	1.06394283969486e-05
188	ENSG00000196267	19	52657116	9.49238258195927e-05
189	ENSG00000119608	14	75319735	0.000546461201223562
190	ENSG00000198353	12	54410714	0.0033569303767285
191	ENSG00000118156	19	48023941	2.26428450139512e-06
192	ENSG00000196767	23	82763268	0.0032575618955781
193	ENSG00000128710	2	176973517	7.82501348059206e-06
194	ENSG00000198440	19	56909334	4.06586542644758e-05
195	ENSG00000178860	8	72753783	1.18258431524243e-06
196	ENSG00000112242	6	20402397	0.00024942553807697
197	ENSG00000143365	1	151778546	2.52051871490944e-07
198	ENSG00000164458	6	166571143	0.00438727296120013
199	ENSG00000186812	18	32820993	6.18658808144668e-05
200	ENSG00000168874	2	85978466	4.08222936847536e-06
201	ENSG00000127528	19	16435627	2.9511146248444e-05
202	ENSG00000083817	19	58082933	0.000184316599048524
203	ENSG00000186017	19	36936020	9.28612167918359e-05
204	ENSG00000164185	5	121465316	0.00177349795176039
205	ENSG00000197472	1	247108848	0.000147479539896438
206	ENSG00000256223	12	133707160	1.32541701591025e-06
207	ENSG00000102870	16	30789777	0.000536287555583934
208	ENSG00000065029	6	35226758	0.000211155707828118
209	ENSG00000165643	9	138585252	0.000322717588805153
210	ENSG00000189164	19	37862062	0.000238258770392468
211	ENSG00000178917	3	44540461	0.00015257325729117
212	ENSG00000114126	3	141663276	0.00190121803831253
213	ENSG00000176472	19	44029648	0.000314884457919909
214	ENSG00000105991	7	27132611	1.08691621942494e-05
215	ENSG00000048405	7	126986843	0.00652342309416276
216	ENSG00000170577	2	45232299	0.00011110960388768
217	ENSG00000111269	12	12764760	2.42764330729623e-05
218	ENSG00000197013	19	21679483	0.00796603840135531
219	ENSG00000168769	4	106067449	0.000865840533067302
220	ENSG00000127152	14	99635623	2.1970233147633e-05
221	ENSG00000187772	6	105404922	6.44527221630195e-05
222	ENSG00000196268	19	21579920	5.42593001321618e-06
223	ENSG00000105127	19	15464195	0.00050043450620265
224	ENSG00000176160	17	56497527	5.59992663216425e-05
225	ENSG00000131115	19	44711699	0.00210144909877786
226	ENSG00000136936	9	100437190	0.00218779228694031
227	ENSG00000116035	2	71127719	0.00744729242397896
228	ENSG00000065978	1	43148097	2.42509620644578e-05
229	ENSG00000170515	12	56498102	1.79440510543217e-05
230	ENSG00000126561	17	40439564	9.54386971448797e-06
231	ENSG00000169946	8	106330919	0.000408223362931394
232	ENSG00000165804	14	21558204	9.63247976045808e-05
233	ENSG00000173757	17	40351185	0.000311675291352476
234	ENSG00000163508	3	27757439	1.44549308412679e-06
235	ENSG00000105516	19	49133286	1.03187276805733e-05
236	ENSG00000043355	13	100634025	3.93069221939245e-15
237	ENSG00000173258	9	114287438	0.00330324130368415
238	ENSG00000171161	1	249132408	0.000536420559033402
239	ENSG00000123576	23	103494718	0.00877439433688138
240	ENSG00000078399	7	27202053	0.00599595998430304
241	ENSG00000105997	7	27145802	0.000363194776999405
242	ENSG00000180479	19	38045683	0.00188913650309425
243	ENSG00000175832	17	41605211	4.54407532782182e-06
244	ENSG00000189180	10	38299577	0.0016542633639395
245	ENSG00000183770	3	138663065	3.43472821326621e-05
246	ENSG00000125813	20	21686296	0.000734598749501195
247	ENSG00000168779	3	157814947	2.04844870494946e-10
248	ENSG00000123407	12	54348617	0.0066246549588137
249	ENSG00000230797	23	21874104	0.00903839619666614
250	ENSG00000164651	7	20823905	0.000349724833140363
251	ENSG00000119547	18	55102916	4.13578673382071e-05
252	ENSG00000158055	1	24645811	0.00128628427427963
253	ENSG00000076108	12	56989379	0.0102640132350468
254	ENSG00000115507	2	63277191	2.09856111941828e-08
255	ENSG00000012223	3	46477135	0.00180962682993282
256	ENSG00000198453	19	37407265	0.00172667967066229
257	ENSG00000005073	7	27221128	0.000331833107301578
258	ENSG00000135547	6	126068809	0.00110710706193426
259	ENSG00000120963	8	102190105	0.00034414421051735
260	ENSG00000174652	19	9523271	1.76991512608182e-08
261	ENSG00000064961	19	3572774	0.00021863370619385
262	ENSG00000196793	10	44051791	0.000251628434545873
263	ENSG00000106261	7	99613203	0.00410519590696112
264	ENSG00000172216	20	48807375	3.03747060471407e-06
265	ENSG00000137871	15	56922378	0.012197260627962
266	ENSG00000106006	7	27185014	0.0122209550772891
267	ENSG00000062370	19	44830707	0.000479511963122986
268	ENSG00000124459	19	44416780	0.000707055733636885
269	ENSG00000155090	8	103661006	0.000864725416416176
270	ENSG00000251493	5	72740653	3.46844220065273e-05
271	ENSG00000053254	14	89622515	0.00140872736508767
272	ENSG00000180318	12	85673884	0.000334011237706742
273	ENSG00000136327	14	37049783	0.000189141557280833
274	ENSG00000180806	12	54388678	0.00107877841998258
275	ENSG00000152475	19	58878984	2.05618531691265e-05
276	ENSG00000121864	3	179040778	0.00593552259633123
277	ENSG00000197050	19	37498758	0.00157100238459917
278	ENSG00000185177	7	57187320	0.0134495566223548
279	ENSG00000153896	19	35248980	0.000164974215550412
280	ENSG00000196867	19	57050316	0.00185528232451251
281	ENSG00000186026	19	44576296	0.00112718167820487
282	ENSG00000121406	19	58038793	0.000326053827170609
283	ENSG00000069667	15	60780482	5.97460775656066e-05
284	ENSG00000198740	17	47366567	0.000135150573313744
285	ENSG00000165891	12	77415026	1.1520231189904e-09
286	ENSG00000173480	19	58411663	0.00402960064674682
287	ENSG00000185669	16	88744089	0.000114142023104952
288	ENSG00000132024	19	14017013	0.000269863622245749
289	ENSG00000176165	14	29235049	3.5493782896847e-05
290	ENSG00000126778	14	61110132	4.75447952281335e-05
291	ENSG00000169840	13	28366779	0.0157030689554892
292	ENSG00000103449	16	51169885	0.220920735251129
293	ENSG00000161551	19	52359054	0.000189422031375629
294	ENSG00000117139	1	202696525	0.000354700412904296
295	ENSG00000130940	1	10696660	0.00095005666452284
296	ENSG00000074047	2	121493198	0.00045501562471722
297	ENSG00000122145	23	79270254	0.0142907384538931
298	ENSG00000251247	19	37341262	0.000198815804404764
299	ENSG00000182759	8	144501351	0.000951359363752777
300	ENSG00000177853	10	97889471	0.0161759760072501
301	ENSG00000118495	6	144261438	0.00305571256232819
302	ENSG00000223547	19	12175513	1.24793542981631e-05
303	ENSG00000138336	10	70320412	0.000279110156543641
304	ENSG00000166888	12	57489190	6.12038352085571e-07
305	ENSG00000180938	8	125985539	0.00800351796537109
306	ENSG00000186300	19	2841432	3.95607479105049e-05
307	ENSG00000215271	14	23741665	0.000165828865710017
308	ENSG00000161298	19	37095718	0.0015026672169682
309	ENSG00000010244	17	30677135	1.50484612122434e-06
310	ENSG00000159885	19	44529493	0.00297472201043868
311	ENSG00000245848	19	33790839	0.00182731802991252
312	ENSG00000187187	19	40490040	0.000135112090972258
313	ENSG00000197808	19	37128093	0.0180506904596684
314	ENSG00000173894	17	77751930	6.36807199176893e-06
315	ENSG00000107187	9	139088095	0.000615192493176965
316	ENSG00000120784	19	38104649	0.00355078755623891
317	ENSG00000234284	5	178450752	0.000659751687576462
318	ENSG00000111049	12	81110690	0.00172863115301852
319	ENSG00000152977	3	147111208	0.00509376131028345
320	ENSG00000180818	12	54378848	0.00251709998403033
321	ENSG00000161914	19	11594241	0.00110695175914489
322	ENSG00000092067	14	23586512	0.00972299962535513
323	ENSG00000197782	19	40575058	0.00413289700906884
324	ENSG00000167635	19	36705503	0.000636987937725325
325	ENSG00000020256	20	50668201	0.00110330562143555
326	ENSG00000172466	18	32912175	0.00107043523330811
327	ENSG00000141568	17	80477588	2.53829352036384e-05
328	ENSG00000178150	19	48675574	0.000198435182273177
329	ENSG00000187140	1	63788729	0.000148407211328523
330	ENSG00000143355	1	197881036	0.000957511781635995
331	ENSG00000174738	3	23986750	0.000770223800646526
332	ENSG00000140968	16	85932408	0.00495727004137296
333	ENSG00000167981	16	3486103	0.0034710960137072
334	ENSG00000143178	1	168250277	0.00199852375556309
335	ENSG00000197905	12	3068495	9.07766337404483e-05
336	ENSG00000153779	23	89176880	0.0215078923153145
337	ENSG00000110777	11	111228250	2.43204073138444e-05
338	ENSG00000126767	23	47494919	0.0025862609583862
339	ENSG00000182568	3	18438747	0.00127036373608121
340	ENSG00000244405	3	185764096	0.00171695161406496
341	ENSG00000177888	1	197122809	0.00900873740040307
342	ENSG00000236609	7	6655247	0.00915822557596047
343	ENSG00000147862	9	14081841	0.00429277345509982
344	ENSG00000106571	7	42000547	0.00119154895536701
345	ENSG00000136870	9	104161154	1.5780648594651e-05
346	ENSG00000105708	19	19821279	0.00254261200572271
347	ENSG00000007866	6	35441373	0.00185881408973876
348	ENSG00000136574	8	11534467	0.00302637760570412
349	ENSG00000029153	12	27485786	2.74576556474384e-06
350	ENSG00000177842	3	40547482	0.00415416036317159
351	ENSG00000198521	19	21987751	0.00166215626897976
352	ENSG00000184939	16	68563992	0.0058006610437322
353	ENSG00000134107	3	5020800	0.00185236341519424
354	ENSG00000137203	6	10393418	1.13509278169789e-10
355	ENSG00000171466	19	9759329	4.28963208495651e-05
356	ENSG00000124092	20	56071034	0.00288458198768027
357	ENSG00000185420	1	245912641	0.0044004938147279
358	ENSG00000083812	19	58978422	0.00108034169411829
359	ENSG00000179909	19	58208734	0.00433002748448727
360	ENSG00000106554	7	132469628	0.00284903695342157
361	ENSG00000163884	3	126061477	1.61238464472048e-05
362	ENSG00000105996	7	27139720	0.00535166639799097
364	ENSG00000171649	19	58089823	0.00481377428644854
365	ENSG00000170653	12	53901639	0.0251744289238559
366	ENSG00000143390	1	151313115	0.00018078272079322
367	ENSG00000171940	20	52183603	0.0255240019008412
368	ENSG00000174197	15	41913421	0.0114367377842145
369	ENSG00000124920	11	61520113	0.00756160189593432
370	ENSG00000152804	10	94447944	0.00491280232210636
371	ENSG00000160908	7	99084141	0.000192646660894995
372	ENSG00000127903	19	57174019	0.00515016734296917
373	ENSG00000154832	18	47808712	0.00453462324376713
374	ENSG00000133250	19	8575461	0.000622464573405302
375	ENSG00000198429	19	11998598	0.00129780478791937
376	ENSG00000203989	23	119205847	0.000692169702311693
377	ENSG00000184486	6	99282579	0.00809025057659833
378	ENSG00000129173	11	19245609	1.30598195460339e-05
379	ENSG00000123933	4	2249158	0.000912485748786609
380	ENSG00000230257	7	102613968	0.00441634234551548
381	ENSG00000171295	19	11925098	8.90434240332374e-05
382	ENSG00000081665	19	19896647	0.00351115825574685
383	ENSG00000162676	1	92940318	0.000866502587485926
384	ENSG00000163497	2	219845808	0.028543406240648
385	ENSG00000136451	17	56048909	0.00387945980775606
386	ENSG00000122085	2	242011583	0.00573688024276028
387	ENSG00000185668	1	38509522	0.00734061741298045
388	ENSG00000196460	2	102013822	0.00182138332642493
389	ENSG00000150907	13	41129803	0.000205649760888701
390	ENSG00000204947	7	148799875	0.000358136925790226
391	ENSG00000106624	7	44143959	6.59962197396652e-05
392	ENSG00000205927	21	34398152	0.00936832550938108
393	ENSG00000177683	7	108194986	0.00485037046333047
394	ENSG00000242852	19	12571997	0.000441719834528847
395	ENSG00000083844	19	57702867	0.0068694288724457
396	ENSG00000104903	19	13209846	0.00361017886472385
397	ENSG00000162599	1	61330930	2.16053316329735e-05
398	ENSG00000170100	16	89284117	0.00106832917139546
399	ENSG00000204920	19	44472013	0.0109345682007411
400	ENSG00000125398	17	70117160	0.000583720760859519
401	ENSG00000110925	12	51454989	0.0216689666798352
402	ENSG00000112333	6	108487261	0.0348539764730361
403	ENSG00000126351	17	38214542	0.0169439099631676
404	ENSG00000030419	2	213864428	0.00204677547585784
405	ENSG00000064218	9	976963	2.53661793810689e-06
406	ENSG00000170485	2	101436613	0.0111586775583343
407	ENSG00000106459	7	129251554	0.00859595564033981
408	ENSG00000173673	1	6304251	0.00141757692444474
409	ENSG00000205143	9	34621375	0.00339755291071457
410	ENSG00000175691	19	2933215	2.73578266536817e-05
411	ENSG00000141905	19	3359560	0.000230269073129204
412	ENSG00000213676	6	32065952	0.00908660767984547
413	ENSG00000151789	3	21478503	0.00849283053762055
414	ENSG00000169083	23	66764464	7.3263189810728e-05
415	ENSG00000134438	18	56934266	0.00804226483505571
416	ENSG00000183340	11	96123152	0.00300908724364992
417	ENSG00000174282	17	7362684	0.000391838969519284
418	ENSG00000185238	11	20409075	0.00434758593129466
419	ENSG00000112033	6	35310334	0.0206705239654908
420	ENSG00000187605	2	74273449	0.0369660868744733
421	ENSG00000176024	19	52430399	0.0197014501408845
422	ENSG00000063438	5	304290	0.00975577829830547
423	ENSG00000141646	18	48494409	0.00572485215928269
424	ENSG00000141040	17	16454700	0.0258415168871409
425	ENSG00000009709	1	18957499	0.0184769089657342
426	ENSG00000105672	19	36132646	0.0148135355314804
427	ENSG00000140632	16	4853203	0.0319171842213558
428	ENSG00000111046	12	81101276	5.9723722065132e-05
429	ENSG00000005513	16	1031807	0.026462687080775
430	ENSG00000100644	14	62162230	0.0103829529009002
431	ENSG00000175395	10	38238499	0.00244748728042198
432	ENSG00000120693	13	37418967	0.00469733391095481
433	ENSG00000186272	19	57922530	0.00144944890429627
434	ENSG00000197647	19	12125546	0.00059729332878909
435	ENSG00000256771	19	19976694	0.00903914553503306
436	ENSG00000118217	1	161736083	0.00290867824000862
437	ENSG00000128000	19	40534166	0.00278573392162787
438	ENSG00000186376	23	134382866	0.000802450010645305
439	ENSG00000115844	2	172964166	3.99250448301999e-05
440	ENSG00000198298	10	44101854	0.0162814920793261
441	ENSG00000171574	19	58912870	0.0371761983152527
442	ENSG00000091831	6	151977825	0.00223434495626251
443	ENSG00000147601	8	73921098	0.00772891862598978
444	ENSG00000136997	8	128747679	0.00102461727190841
445	ENSG00000025293	20	34359904	0.00276264973239092
446	ENSG00000106511	7	15650836	0.00380057886183846
447	ENSG00000010030	6	36322418	0.000159013466111536
448	ENSG00000197566	17	16524050	0.0454154600246346
449	ENSG00000196345	3	44596684	0.00366313195141371
450	ENSG00000143067	1	120162044	0.00123515894795575
451	ENSG00000102034	23	129198848	0.00602662610896945
452	ENSG00000198093	19	52392476	0.000190624001118469
453	ENSG00000176723	16	31445568	0.0183956640564447
454	ENSG00000236104	6	33282182	0.0130111235268218
455	ENSG00000122859	10	71331453	0.0120292312176459
456	ENSG00000197008	7	64254765	0.0420784320895052
457	ENSG00000147789	8	146052848	0.0113897713545286
458	ENSG00000123268	12	51157492	0.00655715162392169
459	ENSG00000188620	10	124895477	0.0345832314917128
460	ENSG00000215372	8	7213038	0.0058982720609102
461	ENSG00000141448	18	19749403	0.0131736100904272
462	ENSG00000112561	6	41651715	0.00376398080916577
463	ENSG00000170370	10	119301954	0.052538360909169
464	ENSG00000176542	3	113367231	0.0270574847949496
465	ENSG00000056277	23	129336684	0.0235409295579643
466	ENSG00000179772	20	30432102	0.0445417180616588
467	ENSG00000147180	23	84498996	0.00602104369417673
468	ENSG00000121413	19	58595204	0.0358060540580566
469	ENSG00000116990	1	40361097	0.000288152294554924
470	ENSG00000125945	1	23685940	0.0521054570246112
471	ENSG00000150347	10	63661058	0.0454870741782053
472	ENSG00000196263	19	57019211	0.00540625642349022
473	ENSG00000101493	18	74069643	0.00974379867932781
474	ENSG00000101412	20	32263488	0.000113052375129439
475	ENSG00000243678	17	49230919	0.00426800108558341
476	ENSG00000115816	2	37428754	0.0613831614905497
477	ENSG00000171443	19	56111387	0.0130489600030217
478	ENSG00000116731	1	14026692	0.00955330152381504
479	ENSG00000134532	12	23682439	0.0174057333068527
480	ENSG00000150051	10	27961803	0.0416298269779505
481	ENSG00000179922	19	56132107	0.0112000773667795
482	ENSG00000198945	6	130334843	0.0190997881723064
483	ENSG00000156469	8	97251625	0.00231464380742469
484	ENSG00000197863	19	37308329	0.0494827948476328
485	ENSG00000186766	10	129535498	0.0167450459944987
486	ENSG00000101190	20	61472466	0.00222605765584547
487	ENSG00000169016	2	11584500	0.0100281981138586
488	ENSG00000182141	19	21473961	0.00521876761844061
489	ENSG00000197020	19	21905567	0.00240039375909287
490	ENSG00000131381	3	15111579	0.00243020193473692
491	ENSG00000171827	19	37958486	0.00372113203616918
492	ENSG00000178403	4	113434671	0.0164818463247283
493	ENSG00000106004	7	27180670	0.0470385375796697
494	ENSG00000011332	19	38701645	2.67391028537151e-07
495	ENSG00000188033	19	12688774	0.0203159765742707
496	ENSG00000186416	23	118722299	0.00487859244561996
497	ENSG00000188909	11	122848277	0.0217591365000227
498	ENSG00000100625	14	61176245	0.000325470292448445
499	ENSG00000186487	2	1792884	0.00566214410993104
500	ENSG00000130522	19	18390562	0.0111448848523663
501	ENSG00000068323	23	48886241	0.00117608292856207
502	ENSG00000107859	10	103989942	2.37188901737683e-05
503	ENSG00000196323	11	130096571	0.0152478600223424
504	ENSG00000060138	12	10851682	0.00526752644071977
505	ENSG00000196456	7	150065878	0.00141898803480051
506	ENSG00000088876	20	2465172	0.0140388764720403
507	ENSG00000187079	11	12695968	0.0115927004844932
508	ENSG00000152454	19	58452200	0.013638252815252
509	ENSG00000214022	7	150065277	0.00110811284691926
510	ENSG00000087903	19	5993174	0.0120945308315308
511	ENSG00000109320	4	103422485	0.00491279570803565
512	ENSG00000197928	19	53731576	0.00764723210940027
513	ENSG00000165588	14	57267424	0.0139943600345056
514	ENSG00000121903	1	33938245	0.0192026501580135
515	ENSG00000107807	10	102889256	0.0236565014204509
516	ENSG00000103495	16	29817426	0.0066761675902213
517	ENSG00000110693	11	15987994	0.0127203394049994
518	ENSG00000187559	9	70917275	0.00364660150049199
519	ENSG00000111145	12	96588159	0.00122280724866127
520	ENSG00000139651	12	53574483	0.0247629060426068
521	ENSG00000237440	19	20718630	0.00604328683658234
522	ENSG00000163623	4	85413139	0.0143393435418219
523	ENSG00000141510	17	7565096	0.00477447777353449
524	ENSG00000178951	19	4044361	0.00145407054111577
525	ENSG00000090612	12	133707569	0.0724846383221999
526	ENSG00000130711	9	133539980	0.00668128689289736
527	ENSG00000062194	5	56469774	0.0163328687565508
528	ENSG00000116017	19	925780	0.000111810822621629
529	ENSG00000105497	19	52074550	0.0136622002421687
530	ENSG00000185129	5	139487361	0.00075796856842404
531	ENSG00000174963	3	147103832	0.0306271193455547
532	ENSG00000176399	9	22446839	0.00250715127137187
533	ENSG00000101457	20	44420575	0.0006628624623175
534	ENSG00000168310	4	185308866	8.67765514780935e-05
535	ENSG00000118922	13	74260225	0.198953155371975
536	ENSG00000124444	19	44100543	0.0106303074338342
537	ENSG00000072736	16	68118653	0.012782178941689
538	ENSG00000167637	19	44331443	0.054305438404777
539	ENSG00000250709	13	36742930	0.0735589147582311
540	ENSG00000204366	6	31867383	0.0380342177358353
541	ENSG00000137265	6	391738	0.000845505717848015
542	ENSG00000125820	20	21491647	0.0196421814355629
543	ENSG00000169981	3	44690218	0.0199708461609372
544	ENSG00000177045	19	46268042	0.0207772639517726
545	ENSG00000185697	8	67474409	0.0110004552966971
546	ENSG00000176083	1	26688124	2.35009355305407e-06
547	ENSG00000166704	19	58488420	0.00964363278018364
548	ENSG00000188227	19	37997840	0.0183172754308555
549	ENSG00000173068	9	16409500	0.0120630426336139
550	ENSG00000059728	2	70124819	0.0149748764873567
551	ENSG00000105419	19	47906380	0.0133731485221365
552	ENSG00000169297	23	30322322	2.87957561387202e-05
553	ENSG00000182983	3	42947222	0.0121007109964898
554	ENSG00000269343	19	58331098	0.0249333661469732
555	ENSG00000167962	16	2047654	0.00286914163505217
556	ENSG00000175809	23	22291064	0.0820680730077905
557	ENSG00000121297	19	31765850	0.00847789946080609
558	ENSG00000197128	19	57978030	0.139783562196086
559	ENSG00000120094	17	46605887	0.0833470454629578
560	ENSG00000175329	22	35462128	0.0611037583390694
561	ENSG00000119715	14	76776956	0.0273753678810147
562	ENSG00000166949	15	67356100	0.0271865662601663
563	ENSG00000124151	20	46130600	0.053776004439665
564	ENSG00000166529	7	99647389	0.00240032140091926
565	ENSG00000257591	19	12251031	0.0334924777478661
566	ENSG00000164256	5	23507263	0.0017538124834071
567	ENSG00000260027	17	46684593	0.0104949747540744
568	ENSG00000204859	1	6640060	0.0045859238999664
569	ENSG00000131845	19	57862674	0.101324599544104
570	ENSG00000103343	16	3451234	0.0275379796326236
571	ENSG00000146618	7	19184404	0.0829100226567206
572	ENSG00000171291	19	11959540	0.00364180016106562
573	ENSG00000124813	6	45295893	0.000985576966367079
574	ENSG00000131196	18	77155855	0.0988507736187084
575	ENSG00000183734	11	2289724	0.0023724134916167
576	ENSG00000006704	7	73868119	0.0276102994557404
579	ENSG00000186130	9	125670334	0.0093424824632024
580	ENSG00000159915	19	44754317	0.0908135791078241
581	ENSG00000186564	1	47901688	0.00666367840796587
582	ENSG00000166432	23	101137261	0.000278221865533874
583	ENSG00000256683	19	52467595	0.029232769528486
584	ENSG00000134874	13	96230456	0.0149089607979713
585	ENSG00000181472	6	151685251	0.00499403811823295
586	ENSG00000181666	19	37803738	0.0179759410019392
587	ENSG00000185869	19	37379025	0.0455742070422174
588	ENSG00000143157	1	166808680	0.026542833244145
589	ENSG00000184677	1	22778343	0.0116061714521633
590	ENSG00000144355	2	172949467	0.00226777426182553
591	ENSG00000181690	8	57073462	7.26606886588546e-05
592	ENSG00000152433	19	57874844	0.00755312428851707
593	ENSG00000159905	19	44455374	0.0515576781446349
594	ENSG00000178187	5	178368191	0.056056049361365
595	ENSG00000155592	16	25247321	0.140022807772818
596	ENSG00000174255	3	113953482	0.000835890755089829
597	ENSG00000136535	2	162272604	0.0231619007589175
598	ENSG00000165061	8	40388108	0.0998705947982675
599	ENSG00000104447	8	116420723	0.0140725969444916
600	ENSG00000100968	14	24834878	0.035307787469892
601	ENSG00000123411	12	56401442	0.00285247434045692
602	ENSG00000179965	16	30418617	0.0910567485788814
603	ENSG00000133937	14	95234552	0.0512498180086118
604	ENSG00000186020	19	37039002	0.00707386876841434
605	ENSG00000143995	2	66662264	0.0184386385130017
606	ENSG00000263002	19	44645709	0.0586089376359266
607	ENSG00000128709	2	176987087	0.0164534669308683
608	ENSG00000136630	1	221051698	0.0197616922955187
609	ENSG00000183434	23	132350696	0.0505550716316703
610	ENSG00000168916	5	123972608	0.034052358622806
611	ENSG00000197937	19	53627324	0.0244960843593471
612	ENSG00000169856	15	53049636	0.0406837157019722
613	ENSG00000143190	1	167190065	0.142016780151294
614	ENSG00000102984	16	71893582	0.003920697324771
615	ENSG00000134954	11	128328659	0.0247333726888371
616	ENSG00000119403	9	123617976	0.000250293687951613
617	ENSG00000010539	16	3272324	0.110256392563336
618	ENSG00000163320	3	88101093	0.023295784963848
619	ENSG00000091010	5	145718586	0.0538482475644015
620	ENSG00000183309	8	144718182	0.0242890686097388
621	ENSG00000008441	19	13106421	0.0301295911028795
622	ENSG00000168348	14	36003247	0.0617813828292996
623	ENSG00000157557	21	40177230	0.0332165198028053
624	ENSG00000159263	21	38071432	0.00955360532416546
625	ENSG00000120075	17	46668618	0.278161960949555
626	ENSG00000189298	6	28317690	0.0297857312302276
627	ENSG00000179627	14	105266932	0.0394749077908452
628	ENSG00000171786	1	160336856	0.0568465545519185
629	ENSG00000129514	14	38059188	0.00684741992297546
630	ENSG00000136504	17	47865916	0.0361287708878335
631	ENSG00000196597	9	99578753	0.0158755738019819
632	ENSG00000115041	2	95963051	0.00321347863011298
633	ENSG00000181135	8	144766621	0.0144690433796237
634	ENSG00000160062	1	33005027	0.0839011068622488
635	ENSG00000159588	1	46085715	0.00141154492475167
636	ENSG00000089335	19	35168543	0.0297662624765544
637	ENSG00000182903	4	419603	0.0151658627421555
638	ENSG00000186814	18	32831031	0.0127542371785661
639	ENSG00000127081	9	95607873	0.0803813450807048
640	ENSG00000144161	2	112969101	0.2103352263806
641	ENSG00000177606	1	59246464	0.0223327776636028
642	ENSG00000164532	7	35242041	0.11028049220245
643	ENSG00000180884	19	35447257	0.1051457392195
644	ENSG00000175727	12	122516627	0.00723087521915932
645	ENSG00000143032	1	91177095	0.0970213591826465
646	ENSG00000180626	17	5082830	0.0364895837000437
647	ENSG00000148200	9	127279553	0.0341082902828181
648	ENSG00000100207	22	42556018	0.0414013705655721
649	ENSG00000154957	17	11880755	4.93667352137469e-05
650	ENSG00000178229	19	57831876	0.0225859009491705
651	ENSG00000172379	15	80696691	0.102319542530879
652	ENSG00000186230	19	57946696	0.0494576213966969
653	ENSG00000169136	19	50431958	0.166699817084121
654	ENSG00000235109	6	28292513	0.0430681499576809
655	ENSG00000119042	2	200134222	0.0352332605948449
656	ENSG00000167394	16	31072163	0.109399298276164
657	ENSG00000205899	17	1173852	0.128136637063926
658	ENSG00000181722	3	114056940	0.0507412295850427
659	ENSG00000165495	11	125034582	0.0109348775686539
660	ENSG00000215356	8	7783858	0.128889100425991
661	ENSG00000105136	19	57999078	0.0317404250824863
662	ENSG00000198517	7	1570349	0.000273414230609883
663	ENSG00000261787	8	67858735	0.00777633769689363
664	ENSG00000221923	19	52873169	0.0609970969557036
665	ENSG00000173404	20	20348764	0.0488951556185125
666	ENSG00000111249	12	111471827	0.0473033766176205
667	ENSG00000099364	16	30934375	0.00449115653220329
668	ENSG00000258873	19	57665388	0.0999329517157735
669	ENSG00000160633	19	5623045	0.0297086527462541
670	ENSG00000189079	12	46123447	0.0770420455426732
671	ENSG00000125798	20	22561642	0.000159893383749965
672	ENSG00000001167	6	41040683	0.0128417177222532
673	ENSG00000173253	9	1050353	0.0183142878761092
674	ENSG00000152926	7	64432153	0.0471965134635668
675	ENSG00000112511	6	33378175	0.0211972458078495
676	ENSG00000197062	6	28234787	0.0119888224107166
678	ENSG00000256087	19	52538394	0.00457333116680706
679	ENSG00000124440	19	46800302	0.0352021041300374
680	ENSG00000196214	19	52772823	0.101765515283917
681	ENSG00000116132	1	170631868	0.00036800574025834
682	ENSG00000164296	5	149372680	0.144143271938717
683	ENSG00000254004	19	37001596	0.0175397894489618
684	ENSG00000125812	20	23342786	0.0278118366748718
685	ENSG00000163132	4	4861392	0.354022484344954
686	ENSG00000196391	15	90895476	0.0359048859937895
687	ENSG00000101883	23	119243010	0.00924176139123887
688	ENSG00000138073	2	27353623	0.104530331703497
689	ENSG00000136866	9	115800659	0.0955824425548907
690	ENSG00000136367	14	23990065	0.0163560863788012
691	ENSG00000061455	5	122424815	0.109547971068136
692	ENSG00000164334	5	118965253	0.104207971082242
693	ENSG00000204519	19	58193336	0.143596694188488
694	ENSG00000147117	23	47229981	0.0218011895716297
695	ENSG00000074219	19	49843851	0.148616007119573
696	ENSG00000198783	17	33288548	0.148653389865338
697	ENSG00000006194	16	3313742	0.135739793969766
698	ENSG00000135100	12	121416345	0.0440411680628702
699	ENSG00000181007	19	36874021	0.0584779050443046
700	ENSG00000164631	7	6728063	0.11446664908613
701	ENSG00000178163	4	10441497	0.0256368861811621
702	ENSG00000180613	4	54965689	0.0584808963712708
703	ENSG00000123405	12	54685894	0.127824957125428
704	ENSG00000139445	12	109715783	0.155153731031753
705	ENSG00000117000	1	40627044	0.111669084761169
706	ENSG00000173825	11	65122237	0.011682853631522
707	ENSG00000081189	5	88013974	0.195475262978736
708	ENSG00000205250	16	67226071	0.00071805240313403
709	ENSG00000121454	1	180199420	0.349869867131284
710	ENSG00000164916	7	4683387	0.0327776690380317
711	ENSG00000175550	11	65686727	0.03509742313214
712	ENSG00000245680	19	37672480	0.300615991025702
713	ENSG00000184828	18	45553043	0.00339655573114503
714	ENSG00000136826	9	110247132	0.0435246177906764
715	ENSG00000009950	7	73007523	0.201031861464458
716	ENSG00000215612	4	8847801	0.134688336517951
717	ENSG00000233608	2	239756672	0.0143349496227471
718	ENSG00000187607	17	15602890	0.0347525141418942
719	ENSG00000105698	19	35759880	0.161167221502121
720	ENSG00000162924	2	61108655	0.066027781726341
721	ENSG00000196693	10	43084554	0.00699125182799486
722	ENSG00000173041	7	63980261	0.150036902257296
723	ENSG00000144331	2	180306708	0.0263265505593116
724	ENSG00000152439	19	58011282	0.136340317735245
725	ENSG00000198040	12	133613877	0.0535246721701656
726	ENSG00000167232	19	23487792	0.0642555662042016
727	ENSG00000136931	9	127243515	0.0312060562720374
728	ENSG00000170903	11	105866349	0.0444356666375349
729	ENSG00000152443	19	58258163	0.143884295184893
730	ENSG00000124827	6	10873455	0.135466915764299
731	ENSG00000227059	12	133794897	0.164169215166271
732	ENSG00000187792	22	24083768	0.125695822367489
733	ENSG00000197024	7	148823507	0.0152553460488102
734	ENSG00000102145	23	48644961	0.0476076993456253
735	ENSG00000004848	23	25021810	0.0224997322177921
736	ENSG00000117505	1	93811444	0.0274961604727661
737	ENSG00000070476	3	126156443	0.0790590205881214
738	ENSG00000100811	14	100704634	0.0259114715007128
739	ENSG00000171448	9	125677844	0.098479258909504
740	ENSG00000177374	17	1957447	0.0560454652377396
741	ENSG00000106031	7	27233121	0.0131348299771116
742	ENSG00000176371	15	85144216	0.0484763805102647
743	ENSG00000096654	6	27418521	0.00237196061456621
744	ENSG00000152467	19	58545399	0.100782124224861
745	ENSG00000066422	3	101367732	0.0931030108755797
746	ENSG00000179388	8	22545171	0.124348827411889
747	ENSG00000198046	19	56950693	0.0651667973576203
748	ENSG00000112238	6	100054605	0.0978563380454394
749	ENSG00000072310	17	17713712	0.114651266153028
750	ENSG00000171606	19	58694395	0.0205512362110344
751	ENSG00000184659	9	70426622	0.152165815866729
752	ENSG00000198028	19	9577182	0.0128447638446996
753	ENSG00000166478	11	9481865	0.0221518490591103
754	ENSG00000141579	17	80787310	0.0181909000748235
755	ENSG00000167034	8	23536205	0.11918436340063
756	ENSG00000185022	22	38597888	0.0510071885907127
757	ENSG00000171169	9	130823511	0.119673131858726
758	ENSG00000084676	2	24714782	0.0339261392836673
759	ENSG00000187626	6	28212400	0.0247898644837023
760	ENSG00000164736	8	55370494	0.0242191156133176
761	ENSG00000187815	1	40942886	0.0513348259088898
762	ENSG00000112837	6	85397090	0.0820805901199049
763	ENSG00000162664	1	90460670	0.00159848013563374
764	ENSG00000138083	2	45168901	0.138384160820014
765	ENSG00000164299	5	79615443	0.127296533423622
766	ENSG00000126804	14	64970429	0.183666512307288
767	ENSG00000089775	14	64915823	0.0907936635058502
768	ENSG00000157933	1	2160133	0.169374559085224
769	ENSG00000165606	10	50572236	0.129485271804167
770	ENSG00000039600	5	157052686	0.0966966530253673
771	ENSG00000189120	17	45922278	0.122229772470619
772	ENSG00000163792	2	27371871	0.0657193088644871
773	ENSG00000197714	19	57791418	0.217366581120419
774	ENSG00000050344	7	26191859	0.0717779028373774
775	ENSG00000164438	5	170736287	0.338628427152135
776	ENSG00000197343	7	99156028	0.0567108887277345
777	ENSG00000118689	6	108881037	0.109211155288864
778	ENSG00000197619	19	52494584	0.143654507706708
779	ENSG00000169740	10	44139306	0.172967722845505
781	ENSG00000249471	19	58962970	0.0264919365213272
782	ENSG00000016082	5	50678920	0.0306468192272559
783	ENSG00000267508	19	44886458	0.178454772803938
784	ENSG00000196110	19	9404950	0.0302532465816584
785	ENSG00000221994	23	47842755	0.0312959553776492
786	ENSG00000171735	1	6845383	0.0655047883112602
787	ENSG00000152784	4	81105032	0.0731362727175931
788	ENSG00000198176	13	114239055	0.00567256070553593
790	ENSG00000141258	17	2240791	0.00710656797507147
791	ENSG00000082175	11	100900354	0.00349843759009629
792	ENSG00000178177	4	17842821	0.0316216601826656
793	ENSG00000204514	19	58360098	0.04414096062234
794	ENSG00000143171	1	165370158	0.0796348562984377
795	ENSG00000217236	2	175199673	0.118034242742796
796	ENSG00000166716	15	85291865	0.129720780148314
797	ENSG00000186448	3	44626379	0.0119169391121243
798	ENSG00000215397	20	642239	0.145226751900537
799	ENSG00000179348	3	128198269	0.0874270020212463
800	ENSG00000167157	9	132427919	0.00783487655810578
801	ENSG00000158805	16	89786807	0.066811998925187
802	ENSG00000188313	3	146232966	0.10508986993627
803	ENSG00000121417	19	58141760	0.0759392848615026
804	ENSG00000187098	3	69788585	0.128650909211117
805	ENSG00000160961	19	14800612	0.0181887020341019
806	ENSG00000188171	19	20802866	0.14853644212485
807	ENSG00000269699	19	57285919	0.111367188299827
808	ENSG00000164600	7	31377074	0.202593428166481
810	ENSG00000125952	14	65472891	0.0229836762630321
811	ENSG00000118058	11	118307204	0.204246545315239
812	ENSG00000243943	2	27805896	0.0200609104916297
813	ENSG00000172273	11	118992296	0.11743531504302
814	ENSG00000122034	13	27998680	0.111380506804604
815	ENSG00000130675	7	156786744	0.0422673462400223
816	ENSG00000185730	8	144371845	0.199999312076364
817	ENSG00000182463	20	51588945	0.117080923954092
818	ENSG00000164107	4	174446119	0.097170359608775
819	ENSG00000010803	1	41492871	0.108451252933559
820	ENSG00000198556	7	99070515	0.0151622894238455
821	ENSG00000196418	1	247285276	0.0288498017840483
822	ENSG00000089094	12	121866899	0.221184655116931
823	ENSG00000167840	17	5008835	0.0639836117810931
824	ENSG00000175879	2	176994421	0.0302044204147812
825	ENSG00000198815	1	42642209	0.23254691412192
826	ENSG00000215343	8	11961897	0.215907436451
827	ENSG00000220201	19	10415478	0.0133259289749165
828	ENSG00000118418	6	79910961	0.0463268198119833
829	ENSG00000138378	2	191894301	0.011540583325468
830	ENSG00000126603	16	4364761	0.000580331258464416
831	ENSG00000135111	12	115108058	0.0222659620010311
832	ENSG00000213999	19	19256376	0.000206134136539973
833	ENSG00000162367	1	47681961	0.0319448663430672
834	ENSG00000168772	4	105389468	0.0619785008681117
835	ENSG00000120690	13	41506055	0.0232667169850462
836	ENSG00000135903	2	223064606	0.0969555507641255
837	ENSG00000188295	1	247263263	0.166658560154325
838	ENSG00000215421	18	72265105	0.105826587499531
839	ENSG00000108813	17	48046333	0.0832632259195319
840	ENSG00000189190	19	53267447	0.604950486918642
841	ENSG00000235608	4	1396719	0.226945754749009
842	ENSG00000120068	17	46688738	0.0121655500383228
843	ENSG00000164853	7	1272542	0.227646535413408
844	ENSG00000236287	11	10871443	0.0971683471107021
845	ENSG00000125850	20	17937622	0.416744737726075
846	ENSG00000198300	19	57321444	0.869318574455779
847	ENSG00000108511	17	46671638	0.294943010589502
848	ENSG00000168661	19	35417806	0.225163646636341
849	ENSG00000161642	12	54762916	0.222870687364634
850	ENSG00000181220	7	149169884	0.0187395970875171
851	ENSG00000153560	3	33429827	0.079049073782219
852	ENSG00000131116	19	44111370	0.1767077624382
853	ENSG00000198039	7	64342870	0.287586674705437
854	ENSG00000177732	20	306206	0.0028321027784372
855	ENSG00000204231	6	33161364	0.0578960777712189
856	ENSG00000112200	6	56954807	0.0316785442019112
857	ENSG00000170166	2	177015949	0.0698573998984263
858	ENSG00000177311	3	141106653	0.267729395260563
859	ENSG00000112592	6	170863389	0.00799375264068609
860	ENSG00000269404	19	50922194	0.00176087099814998
861	ENSG00000137947	1	89318614	0.119979503115025
862	ENSG00000132170	3	12328866	0.0836209118052478
863	ENSG00000059122	16	2961937	0.058470170392314
864	ENSG00000186918	8	28203101	0.0928699620928702
865	ENSG00000198816	19	7580177	0.18033284532548
866	ENSG00000146587	7	5085451	0.190908102040961
867	ENSG00000164684	8	81540685	0.121758549290871
868	ENSG00000095794	10	35415718	0.129472754125999
869	ENSG00000232237	1	201083080	0.1589812702749
870	ENSG00000146676	7	44915895	0.184999852925443
871	ENSG00000179195	12	124456391	0.179706377409151
872	ENSG00000257315	1	203765436	0.282591498040742
873	ENSG00000025434	11	47269850	0.00427584515798596
874	ENSG00000106331	7	127250345	0.247765073528827
875	ENSG00000122180	1	203052259	0.135985362611188
876	ENSG00000170374	12	53720361	0.138658267675515
877	ENSG00000196757	19	12035882	0.000401286954868688
878	ENSG00000171956	15	60296420	0.125176279753612
879	ENSG00000196724	19	58433251	0.113098769602181
880	ENSG00000165066	8	41502696	0.187796288053693
881	ENSG00000102804	13	45007654	0.132621380444178
882	ENSG00000162086	16	3355405	0.143574546513394
883	ENSG00000180828	8	65492813	0.0116887422641501
884	ENSG00000171425	19	56146824	0.138115850029679
885	ENSG00000007968	1	23832921	0.0107870028879993
886	ENSG00000126368	17	38249039	0.136224953764491
887	ENSG00000100987	20	25051520	0.098558497854652
888	ENSG00000121075	17	59529764	0.321582276909872
889	ENSG00000147124	23	47305277	0.0282889799773873
890	ENSG00000181894	19	58637618	0.0981102172257105
891	ENSG00000130751	19	47523076	0.132402265101227
892	ENSG00000189420	23	152683779	0.018453960937236
893	ENSG00000151615	4	147560044	0.20274228823783
894	ENSG00000124496	6	42192668	0.204988151991322
895	ENSG00000178764	8	123793632	0.159605567782317
896	ENSG00000103241	16	86544132	0.131881987207448
897	ENSG00000196247	7	64126510	0.259014475300892
898	ENSG00000117595	1	209959035	5.42002142389617e-07
899	ENSG00000179528	2	74724643	0.534943497386249
900	ENSG00000185219	3	44481261	0.0418994574259148
901	ENSG00000106852	9	124964855	0.414628023446338
902	ENSG00000119725	14	74353319	0.235653600492885
903	ENSG00000105856	7	106809405	0.00340413181991132
904	ENSG00000156150	1	110602615	0.267034669514328
905	ENSG00000129911	19	1852398	0.225069535148332
906	ENSG00000179943	19	56102745	0.0995052492539346
907	ENSG00000131721	23	119292466	0.240547186844661
908	ENSG00000184517	16	75182389	0.240868166272423
909	ENSG00000186350	9	137208943	0.0954737837057435
910	ENSG00000083838	19	58985383	0.0385780323898662
911	ENSG00000198911	22	42229108	0.302371827990367
912	ENSG00000188629	19	9435020	0.183373536018606
913	ENSG00000120669	13	36742930	0.116490361639882
914	ENSG00000116044	2	178095032	0.0244586315672354
915	ENSG00000136352	14	36985601	0.038078780304738
916	ENSG00000117036	1	157090982	0.449851332779683
917	ENSG00000174332	1	53971909	0.0353650061042135
918	ENSG00000011590	19	36195428	0.00117762229688992
919	ENSG00000006468	7	13930852	0.124281609569344
920	ENSG00000170122	9	116236	0.000488736726677342
921	ENSG00000178175	5	71738478	0.00226015317757856
922	ENSG00000168813	19	32836499	0.202158316289956
923	ENSG00000159556	15	76629064	0.0112975957417143
924	ENSG00000170396	2	185463092	0.239994795634079
925	ENSG00000075407	10	38383263	0.0697009740657073
926	ENSG00000189308	4	83845755	0.0269417756438535
927	ENSG00000109851	11	20177700	0.0613689299071458
928	ENSG00000181965	5	134869990	0.241602767467656
929	ENSG00000153879	19	33864235	0.0266062856657492
930	ENSG00000028839	6	134273307	0.0575188027685143
931	ENSG00000160973	8	145698794	0.319486975225122
932	ENSG00000213347	5	176728461	0.0103812927276208
933	ENSG00000116016	2	46520805	0.00557732287121857
934	ENSG00000120149	5	174151535	0.326679721488952
936	ENSG00000066136	1	41157319	0.297064461290278
937	ENSG00000172238	4	94750041	0.236366493643065
938	ENSG00000184271	12	51580718	0.0523113279079785
939	ENSG00000159592	1	46092975	0.257265577718856
940	ENSG00000134323	2	16080685	0.188734010675109
941	ENSG00000160336	19	53935226	0.203100946102098
942	ENSG00000166454	16	81069451	0.366625602393568
943	ENSG00000185404	2	231191898	0.459707586103629
944	ENSG00000197779	23	47696300	0.210231317709154
945	ENSG00000179981	18	72922709	0.13195278790222
946	ENSG00000124613	6	27342393	0.104764676882958
947	ENSG00000153975	6	116956780	0.0366602793426201
948	ENSG00000169926	15	31619769	0.345194475466623
949	ENSG00000106546	7	17338245	0.129549472431103
950	ENSG00000168267	10	23481255	0.304969852393644
951	ENSG00000167182	17	45973515	0.137189756042585
952	ENSG00000124782	6	7107829	0.11872636485579
953	ENSG00000175325	5	177419235	0.236259323440587
954	ENSG00000253293	7	27210209	0.125462835125813
955	ENSG00000107175	9	35732331	0.528703783661289
956	ENSG00000198182	19	38187263	0.644651232571731
957	ENSG00000198185	20	45129700	0.249018958295465
958	ENSG00000142556	19	52516017	0.130249376191175
959	ENSG00000196967	19	37597635	0.262079416992272
960	ENSG00000128645	2	177053306	0.120424310834276
961	ENSG00000197134	19	22235253	0.21989167503293
962	ENSG00000137273	6	1390068	0.167760775892822
963	ENSG00000175745	5	92919042	0.207761980489347
964	ENSG00000111087	12	57853917	0.434083842162521
965	ENSG00000197576	7	27168125	0.0413523583690654
966	ENSG00000198315	6	28109687	0.0358389650398776
967	ENSG00000204595	19	54135309	0.293375444009394
968	ENSG00000133740	8	86089459	0.086144939149613
969	ENSG00000122386	16	3162560	0.222431138884314
970	ENSG00000114439	3	107241782	0.288255483205547
971	ENSG00000204060	1	41827593	0.213750355112745
972	ENSG00000189144	19	38229202	0.272086779485469
973	ENSG00000146757	7	64838711	0.677020135521577
974	ENSG00000064489	19	19256375	0.24347354778544
975	ENSG00000104885	19	2164147	0.290306588533723
976	ENSG00000132005	19	14072349	0.395161240900752
977	ENSG00000198546	10	135122913	0.25170493118928
978	ENSG00000131127	4	331602	0.0862771480855346
979	ENSG00000105880	7	96649703	0.152226040328106
980	ENSG00000196150	8	146076631	0.135441083871802
981	ENSG00000143379	1	150898738	0.332012814812706
982	ENSG00000177463	3	14989090	0.108802006202699
983	ENSG00000197385	3	32023262	0.0211152983239616
984	ENSG00000183733	2	71004441	0.263107041513239
985	ENSG00000147596	8	70963885	0.171600476840167
986	ENSG00000096401	6	44355261	0.0587215123001784
987	ENSG00000131061	20	32319462	0.0812203837040963
988	ENSG00000118263	2	207938860	0.0337125385524305
989	ENSG00000164900	7	150845675	0.390245696708141
990	ENSG00000197951	19	57106631	0.287740366530968
991	ENSG00000185155	1	226411318	0.443832773177775
992	ENSG00000203326	19	53868945	0.317330378845518
993	ENSG00000075426	2	28615314	0.138371600943077
994	ENSG00000165684	9	139270028	0.299589800856028
995	ENSG00000189299	23	55649832	0.341710079276882
996	ENSG00000129028	15	71173680	0.180878600481677
997	ENSG00000197162	16	30585060	0.133251851598094
998	ENSG00000182348	7	88388681	0.556949829351847
999	ENSG00000144655	3	39183345	0.490262539393572
1000	ENSG00000172000	19	2867332	0.297578516857491
1001	ENSG00000196628	18	52889561	0.17023195514475
1002	ENSG00000167554	19	52839497	0.37068179749416
1003	ENSG00000170631	8	146155743	0.32510985682903
1004	ENSG00000258405	19	52956828	0.303514094311595
1005	ENSG00000154655	18	5954704	0.340617698621989
1006	ENSG00000109787	4	38665816	0.0223709255593748
1007	ENSG00000214336	2	88747725	0.124861046748103
1008	ENSG00000081059	5	133450401	0.350486663754934
1009	ENSG00000160321	19	22115759	0.367882079541827
1010	ENSG00000177494	3	111311746	0.247741633848601
1011	ENSG00000218891	19	56088898	0.076310446049056
1012	ENSG00000162419	1	28995243	0.63454503528796
1013	ENSG00000185002	6	117198374	0.210932990845084
1014	ENSG00000152217	18	42260137	0.917196819490855
1015	ENSG00000184302	14	60975668	0.24405775904853
1016	ENSG00000151322	14	33404138	0.280734787606117
1018	ENSG00000171604	5	139026883	0.193745271396172
1019	ENSG00000162772	1	212738675	0.249381353891842
1020	ENSG00000187801	1	40915773	0.294604268672667
1021	ENSG00000125817	20	3764497	0.18589779748442
1022	ENSG00000197608	19	52567718	0.60266191968634
1023	ENSG00000065526	1	16174358	0.36774265103748
1026	ENSG00000156374	10	105062552	0.372020837915081
1027	ENSG00000140987	16	3432084	0.369182975192977
1028	ENSG00000104221	8	37700785	0.375205167838416
1029	ENSG00000112246	6	100832890	0.349091886719484
1030	ENSG00000213967	19	24097678	0.0181299584657132
1031	ENSG00000204524	19	57751972	0.213106224989427
1032	ENSG00000169057	23	153287023	0.0455911232447995
1033	ENSG00000130584	20	62375018	0.406133069884772
1034	ENSG00000125740	19	45971252	0.153363532596866
1035	ENSG00000139083	12	11802787	0.0257762970886525
1036	ENSG00000137270	6	52991761	0.263325612104885
1037	ENSG00000141946	19	57645463	0.37719038268373
1038	ENSG00000177599	19	11908481	0.0218296684102704
1039	ENSG00000109906	11	113930314	0.997460242713057
1040	ENSG00000113658	5	135468533	0.452089858099861
1041	ENSG00000160094	1	33722145	0.330581852371411
1042	ENSG00000167967	16	2273566	0.438637671838958
1043	ENSG00000175213	11	46722367	0.169446606225027
1044	ENSG00000198538	19	53304562	0.0773636373229514
1045	ENSG00000170260	7	148936741	0.0264997304179533
1046	ENSG00000054598	6	1610680	0.152614548762682
1047	ENSG00000180357	15	64791490	0.374582130339051
1048	ENSG00000049768	23	49106896	0.0443373217610516
1049	ENSG00000188785	19	57901217	0.380609968777488
1050	ENSG00000135365	11	45950870	0.148316517682127
1051	ENSG00000129194	17	7491495	0.607512925343328
1052	ENSG00000196946	12	8290732	0.121075282184842
1053	ENSG00000099326	19	59073297	0.0406850957402454
1054	ENSG00000115415	2	191829083	0.322365151825013
1055	ENSG00000129654	17	74132413	0.0646633416288946
1056	ENSG00000172845	2	174771186	0.318082893485395
1057	ENSG00000165702	9	135820931	0.213862400916673
1058	ENSG00000128610	7	121941447	0.385731633246664
1059	ENSG00000144792	3	44619714	0.282791215468518
1060	ENSG00000148300	9	136271185	0.0526754675050112
1061	ENSG00000197935	6	28962561	0.567069556805033
1062	ENSG00000204611	19	52616343	0.190240324039883
1063	ENSG00000175279	1	10490158	0.321265423154483
1064	ENSG00000215474	18	44746292	0.406634485223037
1065	ENSG00000179361	15	74833517	0.407881637101811
1066	ENSG00000142409	19	56598731	0.358350356524664
1067	ENSG00000105732	19	42572628	0.35048798491459
1068	ENSG00000169953	24	20934593	0.244843352091011
1069	ENSG00000164778	7	155250823	0.855493025922334
1070	ENSG00000101096	20	50003493	0.279170453242775
1071	ENSG00000149922	16	30097113	0.0542858637944361
1072	ENSG00000118620	19	21203425	0.504087729598677
1073	ENSG00000213762	19	58125600	0.712052543652702
1074	ENSG00000213096	19	24216275	0.113433751220245
1075	ENSG00000176293	19	58571101	0.646390377848025
1076	ENSG00000138738	4	121613069	0.122139814528015
1077	ENSG00000197362	7	148766734	0.0288648682275061
1078	ENSG00000119138	9	72999502	0.152118268404034
1079	ENSG00000130182	16	3138894	0.375012550966278
1080	ENSG00000140009	14	64550949	0.500897668423109
1081	ENSG00000165821	14	21989231	0.555412845095281
1082	ENSG00000182521	14	55880258	0.434877820732192
1083	ENSG00000196092	9	36833271	0.222480412142398
1084	ENSG00000083828	19	58281037	0.0497754404594542
1085	ENSG00000120798	12	95414004	0.20062372233551
1086	ENSG00000144485	2	239146907	0.137774425339251
1087	ENSG00000131408	19	50832909	0.36051021692605
1088	ENSG00000196109	19	22361892	0.424748268765628
1089	ENSG00000164011	1	43312279	0.341653630167273
1090	ENSG00000020633	1	25226001	0.309246280088332
1091	ENSG00000213015	19	56146381	0.420855878675947
1092	ENSG00000174586	19	58865722	0.0916756789081504
1093	ENSG00000171540	5	76924537	0.411647415692177
1094	ENSG00000196132	20	62783143	0.651713872250725
1095	ENSG00000052850	11	44281993	0.189281151672076
1096	ENSG00000234616	8	143738873	0.283828067144624
1097	ENSG00000134317	2	10085340	0.245431145402536
1098	ENSG00000071655	19	1576638	0.363433281466242
1099	ENSG00000134046	18	51679078	0.287713234661093
1100	ENSG00000173039	11	65421066	0.170994112873335
1101	ENSG00000119866	2	60678301	0.591875807324783
1102	ENSG00000151657	10	7792924	0.564840946467611
1103	ENSG00000154727	21	27106880	0.175739215863099
1104	ENSG00000168875	3	137483578	0.296736497179849
1105	ENSG00000185507	11	612552	0.175945517062235
1106	ENSG00000067646	24	2803111	0.224504196137256
1107	ENSG00000102901	16	67862059	0.474813535656828
1108	ENSG00000130816	19	10244020	0.336715382435337
1109	ENSG00000168269	5	169532900	0.415998990158961
1110	ENSG00000180257	19	53430387	0.708884587001114
1111	ENSG00000198914	2	105471968	0.935079079907925
1112	ENSG00000105722	19	42751723	0.341475278495131
1113	ENSG00000182318	19	58838384	0.257251472254884
1114	ENSG00000113722	5	149546357	0.435688131857439
1115	ENSG00000069812	1	6472477	0.0316831388590452
1116	ENSG00000162992	2	182537814	0.0361799276051829
1117	ENSG00000135457	12	51487445	0.410705943433882
1118	ENSG00000182968	13	112721912	0.0848578144630089
1119	ENSG00000196437	19	37902056	0.277372040288634
1120	ENSG00000167785	19	8920379	0.0146499857783671
1121	ENSG00000151379	2	17997762	0.164027863843476
1122	ENSG00000176302	11	118842416	0.449264401065584
1123	ENSG00000221944	2	233412778	0.115517495919591
1124	ENSG00000196482	1	216676587	0.193806101167684
1125	ENSG00000198393	12	133562950	0.159870584329207
1126	ENSG00000125492	9	135457571	0.210300283368663
1127	ENSG00000179930	1	182023704	0.454170854375224
1128	ENSG00000105866	7	21467651	0.349225041082884
1129	ENSG00000223614	7	63667580	0.439552440218079
1130	ENSG00000173451	12	72056788	0.194657888697233
1131	ENSG00000025156	6	122720690	0.262807357607133
1132	ENSG00000183621	10	31109135	0.337035519169757
1133	ENSG00000172262	5	43120984	0.589157180501558
1134	ENSG00000197114	20	62338816	0.312995053572347
1135	ENSG00000063515	22	19136088	0.335774909615401
1136	ENSG00000123307	12	55413728	0.0242052922177146
1137	ENSG00000178662	2	166326156	0.773934214555294
1138	ENSG00000214575	15	83211950	0.0434512308267543
1139	ENSG00000128272	22	39915699	0.347476770609793
1140	ENSG00000115966	2	175936977	0.437554248594522
1141	ENSG00000170265	7	148892576	0.66527717998086
1142	ENSG00000172888	3	40566368	0.0479669842746714
1143	ENSG00000181638	8	144328990	0.298639639532559
1144	ENSG00000041988	1	6684925	0.494340941460917
1145	ENSG00000005102	17	41717755	0.452694170159293
1146	ENSG00000167625	19	42724422	0.713422799875393
1147	ENSG00000185610	12	45408454	0.347173762932399
1148	ENSG00000165156	8	124260695	0.490517208989935
1149	ENSG00000080603	16	30709529	0.460603142179485
1150	ENSG00000196417	19	53893045	0.260940844820876
1151	ENSG00000160229	19	20959109	0.374495712380046
1152	ENSG00000166268	12	70219083	0.482281100960886
1153	ENSG00000177426	18	3411605	0.17472440599163
1154	ENSG00000127124	1	41972035	0.431416599198468
1155	ENSG00000079432	19	42772688	0.924905217124732
1156	ENSG00000181449	3	181429713	0.0059301889395901
1157	ENSG00000160224	21	45705720	0.224895504485059
1158	ENSG00000163666	3	57231943	0.861533341060284
1159	ENSG00000060566	19	4153597	0.342777202470387
1160	ENSG00000178928	19	48304499	0.517530660579773
1161	ENSG00000127989	7	91321322	0.624954426940345
1162	ENSG00000105392	19	48322702	0.349475098081148
1163	ENSG00000126746	12	6775642	0.500768898036039
1164	ENSG00000111704	12	7940389	0.498109977257536
1165	ENSG00000253831	1	157061835	0.501117169456224
1166	ENSG00000256463	18	76740274	0.396887557918368
1167	ENSG00000066336	11	47376410	0.27433510822913
1168	ENSG00000057657	6	106534194	0.262143335352898
1169	ENSG00000188779	15	68112041	0.0583435265897811
1170	ENSG00000189042	19	37178513	0.253784835196124
1171	ENSG00000179886	8	144680073	0.362030208648667
1172	ENSG00000185591	12	53773959	0.204477368378483
1173	ENSG00000160007	19	47421932	0.413809618396721
1174	ENSG00000173120	11	66886739	0.544391851247636
1175	ENSG00000160685	1	154975126	0.712922215418808
1176	ENSG00000198839	7	111846642	0.509530777928534
1177	ENSG00000164379	6	1312674	0.0759415450308701
1178	ENSG00000079263	2	231067825	0.0096924536001758
1179	ENSG00000010818	6	143072603	0.39377794391824
1180	ENSG00000204779	9	70175706	0.335478109617336
1181	ENSG00000144026	2	95813074	0.411033196757301
1182	ENSG00000179774	10	69990385	0.524824432497002
1183	ENSG00000173275	23	134478720	0.605628255150385
1184	ENSG00000197360	19	22586235	0.407365050085605
1185	ENSG00000142528	19	50528970	0.91142627154769
1186	ENSG00000181450	1	227751243	0.897146533857329
1187	ENSG00000257446	19	12154619	0.338278356255687
1188	ENSG00000167395	16	31085742	0.673424449563472
1189	ENSG00000121068	17	59477256	0.941171083361022
1190	ENSG00000257923	7	101458958	0.438768780193715
1191	ENSG00000185278	1	173837219	0.31300145060314
1192	ENSG00000012504	12	100867485	0.416655559058983
1193	ENSG00000213988	19	20188802	0.398848417022014
1194	ENSG00000135374	11	34500339	0.28997715372857
1195	ENSG00000188994	6	87865266	0.5743860925353
1196	ENSG00000170549	5	3596167	0.491817199839871
1197	ENSG00000196700	20	62588054	0.545652315216301
1198	ENSG00000148737	10	114710008	0.0929218315080334
1199	ENSG00000213928	14	24630261	0.271010104984763
1200	ENSG00000122482	1	91380858	0.1505968172497
1201	ENSG00000005889	23	24167289	0.540059255180245
1202	ENSG00000197124	19	20107866	0.0949368899294024
1203	ENSG00000043039	11	129245834	0.0985973835282352
1204	ENSG00000169951	16	30565084	0.411204739617847
1205	ENSG00000124766	6	21593971	0.442793339758491
1206	ENSG00000105717	19	19672521	0.120427229630542
1207	ENSG00000169957	16	30535324	0.343946798183974
1208	ENSG00000119574	19	59024896	0.537185551297504
1209	ENSG00000167081	9	128509623	0.205062334303646
1210	ENSG00000180532	19	58180302	0.501466028042862
1211	ENSG00000188095	15	90303821	0.800046512404776
1212	ENSG00000171116	23	148855725	0.756052645937828
1213	ENSG00000131914	1	26737268	0.305970257169623
1214	ENSG00000090447	16	4307186	0.5290127090344
1215	ENSG00000130684	20	25654850	0.591508915989921
1216	ENSG00000198169	8	145946297	0.662047710157886
1217	ENSG00000119508	9	102584136	0.772321813365312
1218	ENSG00000168214	4	26165076	0.258976138001936
1219	ENSG00000197483	19	55987698	0.675844469252915
1220	ENSG00000214513	2	73429385	0.45177563851934
1221	ENSG00000184635	19	20011721	0.830947276954885
1222	ENSG00000165259	23	83572881	0.419590258525732
1223	ENSG00000111424	12	48235319	0.549707322504617
1224	ENSG00000133794	11	13298198	0.500551867180772
1225	ENSG00000249459	17	18561741	0.478223302220901
1226	ENSG00000181444	7	149461270	0.375266220511357
1227	ENSG00000186790	1	47881743	0.278356572864581
1228	ENSG00000116604	1	156433518	0.585315619402654
1229	ENSG00000077150	10	104153866	0.34574390594457
1230	ENSG00000071564	19	1609290	0.515610470491142
1231	ENSG00000157554	21	39751948	0.123492324027892
1232	ENSG00000107249	9	3827697	0.478785077438055
1233	ENSG00000125826	20	388141	0.0028572462649392
1234	ENSG00000243660	10	43932281	0.407729812655729
1235	ENSG00000170448	4	47849256	0.397748627617905
1236	ENSG00000204304	6	32152511	0.16508416509571
1237	ENSG00000064195	17	48067368	0.433557840990442
1238	ENSG00000166188	16	58028571	0.795789562294109
1239	ENSG00000102189	12	93164412	0.621513785425499
1240	ENSG00000227124	3	75758793	0.916907084006754
1241	ENSG00000102974	16	67596309	0.678238318814993
1242	ENSG00000183779	8	37553268	0.293573396447998
1243	ENSG00000140265	15	43650369	0.496614236558689
1244	ENSG00000125347	5	131817300	0.0333923869493394
1245	ENSG00000177125	9	129622943	0.384361203273436
1246	ENSG00000126464	19	50094899	0.484275850239188
1247	ENSG00000108509	17	4871286	0.240058226715403
1248	ENSG00000114861	3	71003843	0.662820214095574
1249	ENSG00000171163	1	249144204	0.713020928876088
1250	ENSG00000085274	3	169490618	0.427541524003924
1251	ENSG00000170345	14	75745476	0.44121772974163
1252	ENSG00000129071	3	129149786	0.853542716632894
1253	ENSG00000106689	9	126763948	0.142666732837425
1254	ENSG00000157657	9	116638561	0.557835878479597
1255	ENSG00000116809	1	16268363	0.643166529549139
1256	ENSG00000171467	6	43274871	0.366696343053965
1257	ENSG00000143373	1	151254093	0.476509281908407
1258	ENSG00000067066	2	231280656	0.853874632380835
1259	ENSG00000221869	8	48649470	0.112868530784919
1260	ENSG00000176946	2	242523819	0.605183275765794
1261	ENSG00000170581	12	56735380	0.245762732248523
1262	ENSG00000198466	19	58361224	0.801279152962856
1263	ENSG00000123685	1	212859759	0.602111169435532
1264	ENSG00000140548	15	90544623	0.385457284001922
1265	ENSG00000171532	17	37759788	0.614077205351346
1266	ENSG00000173976	19	3769086	0.601376072139513
1267	ENSG00000160113	19	17342691	0.657067918392182
1268	ENSG00000122592	7	27193334	0.545840226128749
1269	ENSG00000152284	2	85360532	0.46472984426958
1270	ENSG00000011451	19	15532318	0.673281469591626
1271	ENSG00000165244	9	99148222	0.203021196412569
1272	ENSG00000119950	10	111967362	0.153208293655397
1273	ENSG00000196652	7	99102273	0.607677193676884
1274	ENSG00000130700	20	61038552	0.565651469696407
1275	ENSG00000196453	7	149128453	0.521573352707266
1276	ENSG00000134138	15	37181405	0.894681428956504
1277	ENSG00000170561	5	2748924	0.317646714220396
1278	ENSG00000140262	15	57210820	0.653455119821231
1279	ENSG00000173153	11	64073043	0.347063048689941
1280	ENSG00000204612	9	79634570	0.626326880795518
1281	ENSG00000172733	8	30853320	0.660697334161189
1282	ENSG00000197961	19	9671028	0.0537800311911829
1283	ENSG00000196705	19	21324826	0.439069810026462
1284	ENSG00000112182	6	90636247	0.140694239449459
1285	ENSG00000158773	1	161009040	0.318672543766021
1286	ENSG00000165655	10	77157587	0.723927203384648
1287	ENSG00000135148	12	112563304	0.0546789007550406
1289	ENSG00000151612	4	146678778	0.641566753359945
1290	ENSG00000165512	10	45495922	0.977010491271408
1291	ENSG00000170802	2	48541775	0.663383476312304
1292	ENSG00000126003	20	30780305	0.521972304559894
1293	ENSG00000172468	24	20708556	0.66833836147532
1294	ENSG00000084093	4	57774074	0.707257693668776
1295	ENSG00000116833	1	199996729	0.460757867994043
1296	ENSG00000184221	21	34442449	0.868585296371217
1297	ENSG00000101544	18	77866914	0.717248817149219
1298	ENSG00000143578	1	153940009	0.272655488749811
1299	ENSG00000140993	16	3348831	0.561804944765612
1300	ENSG00000204946	7	148959261	0.220112200559987
1301	ENSG00000198482	19	53030904	0.796355947199642
1302	ENSG00000152192	13	79172496	0.324032764360518
1303	ENSG00000168286	16	67876212	0.939285751510908
1304	ENSG00000113916	3	187439164	0.683704944854109
1305	ENSG00000172819	12	53604353	0.666824409926926
1306	ENSG00000196381	19	38158651	0.67986745458742
1307	ENSG00000186777	4	264463	0.075675883350264
1308	ENSG00000102935	16	49521434	0.515699338305359
1309	ENSG00000213588	6	33422355	0.657390304748045
1310	ENSG00000115112	2	121974162	0.810699507500669
1311	ENSG00000156127	14	75988767	0.0308759339774566
1312	ENSG00000203883	20	62679075	0.703062636281151
1313	ENSG00000250571	8	144349602	0.52971524986716
1315	ENSG00000125816	20	21376004	0.665143112224033
1316	ENSG00000113580	5	142657495	0.118698101984246
1317	ENSG00000078900	1	3569083	0.0971361201108681
1318	ENSG00000167766	19	53097312	0.718189478257472
1319	ENSG00000137492	11	76060999	0.456194853850992
1320	ENSG00000162761	1	165171103	0.815485601192049
1321	ENSG00000213793	19	53418448	0.653767344830746
1322	ENSG00000153266	3	62355355	0.61780178530252
1323	ENSG00000179588	16	88519724	0.983831807415601
1324	ENSG00000205189	8	81397853	0.119767552591954
1325	ENSG00000141644	18	47793251	0.600445757349278
1326	ENSG00000198455	23	57618268	0.757629536030369
1327	ENSG00000112658	6	43139036	0.725165993870788
1328	ENSG00000149050	11	7020548	0.369010630021065
1329	ENSG00000167685	19	56643967	0.66619049297151
1330	ENSG00000170608	19	46367246	0.67959948089473
1331	ENSG00000147118	23	47834249	0.0287718908349749
1332	ENSG00000108001	10	131633546	0.126086388348094
1333	ENSG00000170684	19	45574757	0.538155601959627
1334	ENSG00000115297	2	74740589	0.307954885727618
1335	ENSG00000095951	6	12008994	0.565716566755632
1336	ENSG00000205857	12	7917811	0.742214385349699
1337	ENSG00000137166	6	41514163	0.394721626578011
1338	ENSG00000168610	17	40465341	0.305366818187118
1339	ENSG00000118513	6	135502452	0.466563775394408
1340	ENSG00000143257	1	161199455	0.285679455048003
1341	ENSG00000175322	18	14057455	0.562215180319005
1342	ENSG00000139154	12	19556999	0.853921753593011
1343	ENSG00000158711	1	205577070	0.801126532501999
1344	ENSG00000164683	8	80676244	0.586312905732658
1345	ENSG00000112365	6	109783796	0.571319792498944
1346	ENSG00000213799	19	53837001	0.36155982860154
1347	ENSG00000197372	19	23708432	0.616626202244576
1348	ENSG00000162601	1	59120410	0.307740018475398
1349	ENSG00000187595	17	40177593	0.802309320509307
1350	ENSG00000159387	16	55357671	0.296049868761154
1351	ENSG00000142700	1	50883221	0.968145007966127
1352	ENSG00000205683	14	73086003	0.565645370750433
1353	ENSG00000170949	19	53569858	0.999148969820757
1354	ENSG00000126733	23	85403461	0.551679451100338
1355	ENSG00000181827	15	56379665	0.398397605570981
1356	ENSG00000166349	11	36537013	0.680661373896438
1357	ENSG00000163848	3	124944404	0.326162591820503
1358	ENSG00000125482	9	135251007	0.885945545719607
1359	ENSG00000267041	19	37205284	0.795947378272443
1360	ENSG00000164749	8	76320148	0.618803994999803
1361	ENSG00000126456	19	50162825	0.383221438717051
1362	ENSG00000196357	19	36673187	0.121117067517342
1363	ENSG00000198633	19	52932439	0.705982295564789
1364	ENSG00000204103	20	39314487	0.461907571657286
1365	ENSG00000170954	19	53611131	0.771330543178871
1366	ENSG00000248483	5	93070507	0.512924983301281
1367	ENSG00000115568	2	219502638	0.618568301668027
1368	ENSG00000197279	6	28048752	0.0342872151089012
1369	ENSG00000109101	17	26833260	0.876977638734537
1370	ENSG00000104976	19	7985200	0.575232513785789
1371	ENSG00000175787	9	97021592	0.366265927000413
1372	ENSG00000182986	19	53367042	0.758504401197519
1373	ENSG00000184058	22	19744225	0.814501942420652
1374	ENSG00000185630	1	164528643	0.0408301933611589
1375	ENSG00000169635	22	21771692	0.260435136374689
1376	ENSG00000177030	11	644232	0.99107661246717
1377	ENSG00000101216	20	62218954	0.870687341285697
1378	ENSG00000137504	11	85370751	0.838009319736427
1379	ENSG00000007372	11	31806339	0.729086566237875
1380	ENSG00000158691	6	28346731	0.60815660914603
1381	ENSG00000164920	8	99956630	0.111587721806591
1382	ENSG00000197213	19	56700938	0.704060638423464
1383	ENSG00000123358	12	52416615	0.652231052735231
1384	ENSG00000185947	16	31885078	0.923554423274255
1385	ENSG00000156925	23	136648300	0.719471713291747
1386	ENSG00000165462	11	71950120	0.757316598431801
1387	ENSG00000107485	10	8095566	0.984499306793764
1388	ENSG00000198346	19	53970999	0.859783996543469
1389	ENSG00000139793	13	97873687	0.22896076536898
1390	ENSG00000188816	10	124907637	0.644253010736286
1391	ENSG00000143842	1	204042242	0.200052532237906
1392	ENSG00000120837	12	104510854	0.211790701035053
1393	ENSG00000188786	1	38275238	0.385223284076084
1394	ENSG00000138795	4	108968700	0.962013255611305
1395	ENSG00000125878	20	584440	0.416519165761258
1396	ENSG00000151650	10	135050907	0.791377061577058
1397	ENSG00000118526	6	134210275	0.475924354735744
1398	ENSG00000083307	8	102504659	0.951561527775018
1399	ENSG00000146592	7	28338939	0.573155380922082
1400	ENSG00000162714	1	247460713	0.905874667207913
1401	ENSG00000169989	4	153690505	0.501160865355919
1402	ENSG00000188070	11	63527363	0.0697892809431891
1403	ENSG00000028277	19	42590262	0.974306796650537
1404	ENSG00000198105	10	38091750	0.268527949439553
1405	ENSG00000036549	1	78030184	0.514462637170329
1406	ENSG00000196670	5	180274610	0.254565709996771
1407	ENSG00000178573	16	79619739	0.806535907609237
1408	ENSG00000135638	2	73143388	0.788381464410476
1409	ENSG00000119919	10	101292689	0.795442815262156
1410	ENSG00000106536	7	39017597	0.360522750902754
1411	ENSG00000151090	3	24158650	0.902948095449261
1412	ENSG00000124664	6	34505578	0.841241863850958
1413	ENSG00000073282	3	189349204	0.162101929980562
1414	ENSG00000161277	19	36525886	0.709931893249014
1415	ENSG00000113761	5	176449696	0.998964676418082
1416	ENSG00000188981	4	3246095	0.750186788961914
1417	ENSG00000006047	17	7191570	0.656537416799593
1418	ENSG00000142025	19	42348805	0.717239525258069
1419	ENSG00000205903	7	6676952	0.993928354678231
1420	ENSG00000160352	19	21264964	0.514682405652952
1421	ENSG00000143867	2	19551245	0.51418083031005
1422	ENSG00000176182	19	46393277	0.921200653447601
1423	ENSG00000163435	1	201977072	0.0369725911805927
1424	ENSG00000111783	12	106976684	0.4540801948274
1425	ENSG00000160199	21	44394619	0.720121738561538
1426	ENSG00000148516	10	31607423	0.440821290011583
1427	ENSG00000120738	5	137801178	0.891964005214056
1428	ENSG00000135625	2	73518057	0.873261268176226
1429	ENSG00000131759	17	38465443	0.750704574362259
1430	ENSG00000167555	19	52901101	0.720631860236616
1431	ENSG00000087510	20	55204357	0.0323552071981703
1432	ENSG00000185252	22	20748404	0.649977800753956
1433	ENSG00000173276	21	43406939	0.219216324079199
1434	ENSG00000178338	5	178286953	0.854904677763571
1435	ENSG00000101126	20	49505584	0.921525814136032
1436	ENSG00000182158	7	137559724	0.546004489689217
1437	ENSG00000068305	15	100017369	0.914421488217649
1438	ENSG00000196843	2	97202479	0.394043496451005
1439	ENSG00000147183	23	88002225	0.584790342787434
1440	ENSG00000167491	19	19496634	0.43615175187705
1441	ENSG00000204532	19	56713669	0.807643376585005
1442	ENSG00000198464	19	52800429	0.618171382925108
1443	ENSG00000008196	6	50786435	0.371282069409429
1444	ENSG00000141956	21	43218384	0.957458583678247
1445	ENSG00000172059	2	10182975	0.854697482815364
1446	ENSG00000123095	12	26272958	0.933113608317119
1447	ENSG00000171634	17	65821639	0.6645860460365
1448	ENSG00000118260	2	208394460	0.918307428992552
1449	ENSG00000125533	20	61637330	0.818969463774709
1450	ENSG00000105610	19	12995236	0.718441669935653
1451	ENSG00000140382	15	77712753	0.988616483774566
1452	ENSG00000163795	2	27600097	0.538370674267718
1453	ENSG00000198205	23	57931863	0.0713117222191952
1454	ENSG00000169155	9	129567284	0.876686780312977
1455	ENSG00000171056	8	10582908	0.497503837472564
1456	ENSG00000143614	1	153777200	0.970455618166079
1457	ENSG00000177946	16	90036205	0.81526032467048
1458	ENSG00000229544	10	126135591	0.539744996554761
1459	ENSG00000118707	20	35201890	0.645934354601578
1460	ENSG00000188290	1	934341	0.942699559078137
1461	ENSG00000166860	12	57392617	0.67939693618421
1462	ENSG00000185551	15	96869166	0.830363403866855
1463	ENSG00000110851	12	108126642	0.800418628365704
1464	ENSG00000142611	1	2985731	0.606608920209526
1465	ENSG00000256229	19	20278036	0.692762078525165
1466	ENSG00000196378	8	145998498	0.778478306327925
1467	ENSG00000196350	19	22469209	0.853058425793575
1468	ENSG00000187821	4	185939994	0.975392126153464
1469	ENSG00000077092	3	25215822	0.484867756765797
1470	ENSG00000116539	1	155305058	0.697723408207662
1471	ENSG00000183850	19	23258011	0.694162203974249
1472	ENSG00000134595	23	139585151	0.845689875238827
1473	ENSG00000186660	11	58346583	0.937550464807784
1474	ENSG00000122877	10	64574192	0.729164607992148
1475	ENSG00000204335	2	171571860	0.283552977492247
1476	ENSG00000135164	7	86781676	0.576914190685141
1477	ENSG00000120093	17	46627173	0.497574244834426
1478	ENSG00000108788	17	40719085	0.794736311478424
1479	ENSG00000148143	9	109625377	0.984606975103559
1480	ENSG00000176222	19	44376514	0.619092588395127
1481	ENSG00000232040	6	28543793	0.556451713301697
1482	ENSG00000176679	24	3447081	0.852539265332403
1483	ENSG00000198963	9	77112280	0.673006687287779
1484	ENSG00000066827	8	135490030	0.637658316427781
1485	ENSG00000176842	16	54964773	0.5379770729548
1486	ENSG00000116819	1	36038970	0.50766242658532
1487	ENSG00000100426	22	50247489	0.211380365777578
1488	ENSG00000101076	20	42984339	0.903645518648657
1489	ENSG00000185513	20	42136319	0.580688225696398
1490	ENSG00000251192	23	46357161	0.541390160847749
1491	ENSG00000166987	12	57914492	0.606289073201308
1492	ENSG00000187987	6	28399706	0.991695993321045
1493	ENSG00000149054	11	6947634	0.145119242941453
1494	ENSG00000131931	8	42691816	0.920082973373917
1495	ENSG00000125846	20	18269120	0.678509089726539
1496	ENSG00000105261	19	36602103	0.794839626463137
1497	ENSG00000175105	3	88188253	0.184611191514663
1498	ENSG00000143437	1	150782180	0.866718236342944
1499	ENSG00000134852	4	56294069	0.842906334061373
1500	ENSG00000272333	19	36208920	0.626817099105717
1501	ENSG00000139352	12	103351463	0.954106938270226
1502	ENSG00000229676	19	22817125	0.961087626981794
1503	ENSG00000104856	19	45504687	0.591012706746316
1504	ENSG00000180346	4	90033967	0.360385055418158
1505	ENSG00000067082	10	3818187	0.512325351741894
1506	ENSG00000182742	17	46652874	0.741082400358779
1507	ENSG00000135373	11	34642639	0.532850158541244
1508	ENSG00000125520	20	62371213	0.609548374330326
1509	ENSG00000140836	16	72816783	0.709298402281485
1510	ENSG00000085644	16	3179777	0.968502899226838
1511	ENSG00000144852	3	119499330	0.237641928026688
1512	ENSG00000204604	19	53341260	0.722161434929798
1513	ENSG00000126705	1	27860545	0.928921089796505
1514	ENSG00000172818	11	65554492	0.002405606154275
1515	ENSG00000148411	9	138898382	0.440209864050401
1516	ENSG00000169131	5	178138592	0.808659468018748
1517	ENSG00000011243	19	15490858	0.61344508988729
1518	ENSG00000196233	10	98592016	0.483788562034931
1519	ENSG00000128573	7	113726381	0.673440040203253
1520	ENSG00000125618	2	113973573	0.408567254360788
1521	ENSG00000198807	14	37126772	0.54459578111359
1522	ENSG00000174576	11	66188474	0.899225664235842
1523	ENSG00000178919	9	100615535	0.419583254452984
1524	ENSG00000102554	13	73629113	0.225924722574402
1525	ENSG00000184492	2	114256660	0.04910639252099
1526	ENSG00000085276	3	168801286	0.383828498643034
1527	ENSG00000065970	12	8185298	0.888787302535923
1528	ENSG00000198026	20	44577291	0.332783554516007
1529	ENSG00000255192	15	35376393	0.909332649559341
1530	ENSG00000130856	18	74534562	0.833668223633669
1531	ENSG00000140396	8	71021996	0.863733793702651
1532	ENSG00000143033	1	93544791	0.809374952700425
1533	ENSG00000251369	19	58046624	0.832763680137064
1534	ENSG00000198795	18	22641889	0.638170433311576
1535	ENSG00000167377	16	71481499	0.644536648930094
1536	ENSG00000213973	19	22939006	0.887010732273111
1537	ENSG00000178665	7	55955168	0.938404479355065
1538	ENSG00000177551	1	116378997	0.904182747309356
1539	ENSG00000197363	8	146024260	0.829621623275318
1540	ENSG00000125285	13	95361885	0.697847503532175
1541	ENSG00000186103	3	121289550	0.812348200664576
1542	ENSG00000166261	11	123594884	0.8331118340118
1543	ENSG00000177932	5	178487415	0.644318506152508
1544	ENSG00000196458	12	133498018	0.504295317509249
1545	ENSG00000273274	1	32930669	0.566092029287974
1546	ENSG00000183647	19	58111252	0.664642605057694
1547	ENSG00000184895	24	2654895	0.60506909004384
1548	ENSG00000075891	10	102495359	0.546948646260874
1549	ENSG00000006377	7	96634859	0.843221139496229
1550	ENSG00000147488	8	53023398	0.965615456078489
1551	ENSG00000197497	19	53662465	0.794452029024458
1552	ENSG00000198131	19	58739959	0.829373790472031
1553	ENSG00000171223	19	12902309	0.799791236093823
1555	ENSG00000064835	3	87308553	0.790295760703331
1556	ENSG00000161940	17	6926338	0.995362930512793
1557	ENSG00000082641	17	46125720	0.568119542507018
1558	ENSG00000102349	23	56258853	0.670945404200275
1559	ENSG00000250312	4	124385	0.642281099179847
1560	ENSG00000168062	11	64755414	0.117463039208627
1561	ENSG00000234444	7	63767836	0.39898519371035
1562	ENSG00000132604	16	69389463	0.612207399141501
1563	ENSG00000170365	4	146402345	0.979942159992227
1564	ENSG00000167562	19	53073525	0.646563460376608
1565	ENSG00000159216	21	36259342	0.30121882814308
1566	ENSG00000214652	7	63505820	0.930839477214136
1567	ENSG00000140044	14	75894418	0.889010898654405
1569	ENSG00000163516	2	220094478	0.784256051108026
1570	ENSG00000159140	21	34914923	0.996918195472514
1571	ENSG00000196172	19	23921996	0.689051401297446
1573	ENSG00000177508	16	54317215	0.820108042283907
1574	ENSG00000204531	6	31132118	0.315106150014055
1575	ENSG00000174446	15	66782472	0.981026201212904
1576	ENSG00000198146	15	35270541	0.862521473266391
1577	ENSG00000131264	23	72667089	0.948377206048937
1578	ENSG00000119614	14	74706174	0.984928932620057
1579	ENSG00000169594	15	83924654	0.0345023697296609
1580	ENSG00000124232	20	43935490	0.849578529644346
1581	ENSG00000180535	7	97840738	0.841583929999352
1582	ENSG00000130844	19	54024234	0.697896393784666
1583	ENSG00000114853	3	42695175	0.96856430658261
1584	ENSG00000135899	2	231033633	0.893920863058985
1585	ENSG00000164330	5	158122927	0.808198147293372
1586	ENSG00000114315	3	193853933	0.786990319078472
1587	ENSG00000176009	11	8959118	0.91234870380537
1588	ENSG00000070444	17	2287353	0.608805960718672
1589	ENSG00000153234	2	157180943	0.957673273489795
1590	ENSG00000205922	19	1752371	0.508771671601241
1591	ENSG00000102878	16	67197287	0.818232826423148
1592	ENSG00000105750	19	21106027	0.912887579004055
1593	ENSG00000137185	6	28192663	0.199783569225995
1594	ENSG00000167800	11	67398773	0.965460332095196
1595	ENSG00000174306	20	39807087	0.430996842244484
1596	ENSG00000261221	19	56116770	0.790769290758477
1597	ENSG00000144747	3	69068977	0.753814455583953
1598	ENSG00000198597	19	30719420	0.964215460181281
1599	ENSG00000269067	19	23158269	0.972370178821895
1600	ENSG00000213020	19	53206065	0.779840682628859
1601	ENSG00000204644	6	29640168	0.87384228627185
1602	ENSG00000153814	7	27870191	0.779250336740236
1603	ENSG00000063587	23	152599612	0.962522077705371
1604	ENSG00000128604	7	128577665	0.159068713882264
1605	ENSG00000185960	23	585078	0.99117273105798
1606	ENSG00000128652	2	177001339	0.502599518433076
1607	ENSG00000170325	11	129769600	0.751450604778064
1608	ENSG00000088881	20	2673523	0.714995679198607
1609	ENSG00000137709	11	120107348	0.74245895830667
1610	ENSG00000181315	6	26636517	0.362406157188413
1611	ENSG00000145908	5	150273953	0.483573872632991
1612	ENSG00000198824	13	115079987	0.948220848317274
1613	ENSG00000186051	9	108424737	0.683761753133401
1614	ENSG00000166823	15	90291891	0.747406212574276
1615	ENSG00000169554	2	145141647	0.96003386922922
1616	ENSG00000173917	17	46618255	0.86542414665183
1617	ENSG00000117707	1	214161273	0.679975219787067
1618	ENSG00000005801	11	3360490	0.220404147785346
1619	ENSG00000177485	23	119384606	0.877372801340957
1620	ENSG00000106410	7	144094332	0.995019021795224
1621	ENSG00000102908	16	69598996	0.984242190855873
