	SNP	Chromosome	Position	trait1
1	ENSG00000130544	19	7069454	1.02061624981247e-10
2	ENSG00000159882	19	44507099	1.18471571127972e-08
3	ENSG00000173875	19	12721731	9.28906574891679e-08
4	ENSG00000164093	4	111538578	1.30110404155876e-07
5	ENSG00000170178	2	176964457	2.89756226849371e-07
6	ENSG00000187855	12	108168161	3.24634432934769e-07
7	ENSG00000172006	19	2819871	5.04740031299447e-07
8	ENSG00000171872	1	44584521	5.17911599425197e-07
9	ENSG00000138136	10	102986732	8.33064732981099e-07
10	ENSG00000162624	1	75594118	1.36412751878041e-06
11	ENSG00000171469	19	9715355	1.79871292334583e-06
12	ENSG00000167384	19	44979853	1.90748160944249e-06
13	ENSG00000197757	12	54384407	4.6360284618434e-06
14	ENSG00000256294	19	44616333	5.83435154786101e-06
15	ENSG00000086102	9	33290508	5.89796082425799e-06
16	ENSG00000185670	11	62518434	7.42805829278259e-06
17	ENSG00000149948	12	66217910	9.98524310782544e-06
18	ENSG00000197587	1	46972667	1.00904227251206e-05
19	ENSG00000124216	20	48599535	1.08809475843894e-05
20	ENSG00000142065	19	36827161	1.23744922196479e-05
21	ENSG00000176887	2	5832798	1.24905882631176e-05
22	ENSG00000172789	12	54426636	1.48608309362194e-05
23	ENSG00000171817	19	38042307	1.98465212106756e-05
24	ENSG00000185122	8	145515279	2.28955752976916e-05
25	ENSG00000128713	2	176968943	2.52864346270069e-05
26	ENSG00000185811	7	50344377	2.72496785171973e-05
27	ENSG00000131668	9	96713904	2.86835745311355e-05
28	ENSG00000124203	20	57766074	2.92104637332865e-05
29	ENSG00000151500	11	134118172	2.97328294196877e-05
30	ENSG00000197054	19	12035889	3.20479436484341e-05
31	ENSG00000198081	18	5289017	3.37014580486327e-05
32	ENSG00000159184	17	46802124	3.76059636561247e-05
33	ENSG00000037965	12	54402831	3.81151913432199e-05
34	ENSG00000113196	5	153854531	3.85942147468478e-05
35	ENSG00000188283	19	37708827	4.36728773482846e-05
36	ENSG00000092607	1	119425668	5.62479378686717e-05
37	ENSG00000147421	8	28747910	6.49339799559418e-05
38	ENSG00000129152	11	17741114	6.67337285710881e-05
39	ENSG00000143006	1	53925071	6.98870455378617e-05
40	ENSG00000100105	22	31721789	7.13512881130848e-05
42	ENSG00000196466	19	12500829	7.40408754914006e-05
43	ENSG00000123364	12	54332534	8.47481758457847e-05
44	ENSG00000066697	9	103189437	9.08084849790541e-05
45	ENSG00000117010	1	40997232	9.20287365509448e-05
46	ENSG00000168505	2	237073878	0.000111164688610128
47	ENSG00000111206	12	2966846	0.000114516695890676
48	ENSG00000130803	19	9251055	0.000117451876946433
49	ENSG00000091656	8	77593453	0.000120504712325651
50	ENSG00000175592	11	65659519	0.000134870867408936
51	ENSG00000197044	19	11877814	0.000135874300199826
52	ENSG00000184937	11	32409320	0.000140497249530547
53	ENSG00000196646	19	12273878	0.000141091900593087
54	ENSG00000148704	10	118888031	0.000142271524060904
55	ENSG00000148826	10	134598296	0.000149797315989471
56	ENSG00000113430	5	1877540	0.000158752620637671
57	ENSG00000156853	16	30613878	0.000178294604887802
58	ENSG00000183072	5	172659111	0.000188481125683857
59	ENSG00000180787	17	4981542	0.00019016154632164
60	ENSG00000197841	19	35225059	0.000204067632899301
61	ENSG00000197857	19	12335500	0.000204148971750007
62	ENSG00000139515	13	28494156	0.000208916849053247
63	ENSG00000196653	3	44754134	0.000215397324943918
64	ENSG00000176678	16	86609973	0.000237833517873527
65	ENSG00000198715	1	156259879	0.000238250764703749
66	ENSG00000181896	19	19779662	0.000246697439675381
67	ENSG00000179456	1	244214584	0.000248098283253946
68	ENSG00000196275	7	74210482	0.000248946138249696
69	ENSG00000128714	2	176957618	0.000301184438670127
70	ENSG00000159917	19	44732881	0.000310244540148161
71	ENSG00000249709	19	12636183	0.000323527044096276
73	ENSG00000130818	19	9638666	0.000329265012590569
74	ENSG00000180855	19	12540520	0.000347913098932897
75	ENSG00000137309	6	34204649	0.00036088893518732
76	ENSG00000163064	2	119599746	0.000364184424932415
77	ENSG00000176407	2	85198215	0.000371386457803819
78	ENSG00000179059	4	188916924	0.000388030567798775
79	ENSG00000132846	5	76367896	0.000413409023969718
80	ENSG00000073861	17	45810609	0.000415914639808196
82	ENSG00000136603	3	170075465	0.000427646709917377
83	ENSG00000221818	8	25699245	0.000433766564036859
84	ENSG00000101057	20	42295753	0.000433904974415028
85	ENSG00000196605	19	9862668	0.000467489290511876
86	ENSG00000267680	19	44598491	0.000510470341619472
87	ENSG00000166526	7	99661655	0.000581639035869024
88	ENSG00000179111	17	8023907	0.000582108012935572
89	ENSG00000186496	18	32946660	0.000617495456648103
90	ENSG00000115163	2	26987156	0.000637382649983772
91	ENSG00000229809	16	30580666	0.000682217769131553
92	ENSG00000109381	4	139978373	0.000723740372355765
93	ENSG00000180053	8	23559963	0.000740242170125951
94	ENSG00000168826	4	4291923	0.000768635719234385
95	ENSG00000167528	12	48733790	0.000796848715665024
96	ENSG00000139800	13	100615217	0.000807086759841756
97	ENSG00000165556	13	28536273	0.00082267796648064
98	ENSG00000163909	1	40089824	0.000838019730028354
99	ENSG00000127445	19	9945932	0.000920001038810359
100	ENSG00000186446	3	44771087	0.000942200467913496
101	ENSG00000122691	7	19060613	0.000966855468652945
102	ENSG00000178386	19	44555519	0.00096940445994741
103	ENSG00000019549	8	49830248	0.00100263800874722
104	ENSG00000172748	8	182136	0.00103869333820689
105	ENSG00000108924	17	53342372	0.00105952786675544
106	ENSG00000197016	19	57078879	0.00107729732244575
107	ENSG00000196812	6	28092337	0.00107971185668886
108	ENSG00000146285	6	108025307	0.00108972698300508
109	ENSG00000083814	19	58231118	0.00113769126941943
110	ENSG00000169955	16	30537243	0.00113808622239485
111	ENSG00000188868	19	12428290	0.00118792716191825
112	ENSG00000129535	14	24549315	0.00119661531563652
113	ENSG00000136169	13	50018428	0.00124096310089038
114	ENSG00000089116	12	113899838	0.00131485576117986
115	ENSG00000165030	9	94171326	0.00131756588736729
116	ENSG00000018869	19	56887412	0.00131861604441336
117	ENSG00000225614	16	88493878	0.00132435063798739
118	ENSG00000106948	9	117096435	0.00136342905858874
119	ENSG00000197933	19	11832079	0.00139120296544447
120	ENSG00000101115	20	50400580	0.0013912559234927
121	ENSG00000186951	22	46546423	0.00139918950062471
122	ENSG00000123388	12	54366909	0.00141313238594621
123	ENSG00000177468	6	137813335	0.00142387748065756
124	ENSG00000197123	7	63688851	0.00142955122164991
125	ENSG00000136944	9	129376721	0.00145255700020042
126	ENSG00000237765	4	15683284	0.00146707408960479
127	ENSG00000214534	11	71525090	0.00149557702143047
128	ENSG00000109705	4	13542453	0.00150443504236108
129	ENSG00000198939	5	178322894	0.00151991391175755
130	ENSG00000106038	7	27282163	0.00155337663174591
131	ENSG00000156273	21	30566391	0.00155972991261737
132	ENSG00000151623	4	148999912	0.00157440763692219
133	ENSG00000168152	4	83821836	0.00158588815670815
134	ENSG00000170689	17	46698517	0.00160613759354916
135	ENSG00000197063	17	79876145	0.00161696882235281
136	ENSG00000157429	16	71512185	0.00165410597937928
137	ENSG00000171970	19	2900895	0.00168254756341445
138	ENSG00000174428	7	74508363	0.00169720164540534
139	ENSG00000131849	19	58944180	0.00173095951261791
140	ENSG00000213921	19	40267234	0.00180423522629454
141	ENSG00000166211	12	101869198	0.00180635540543248
142	ENSG00000174796	4	76439155	0.00180832992956448
143	ENSG00000182111	7	57509882	0.00181930679588728
144	ENSG00000175197	12	57910370	0.00185031706580713
145	ENSG00000074657	18	56529831	0.00189283329099299
146	ENSG00000214029	12	133694739	0.00193171499447044
147	ENSG00000197579	9	32540541	0.00196051797987589
148	ENSG00000188321	19	9434447	0.00197048654581946
149	ENSG00000080298	9	3218296	0.00198076323538546
150	ENSG00000132010	19	12203657	0.00203205992819046
151	ENSG00000176692	16	86600856	0.00211819841751227
152	ENSG00000137090	9	841689	0.00213366722479557
153	ENSG00000198551	19	11670188	0.00214052929319856
154	ENSG00000123636	2	160175489	0.00217530924588932
155	ENSG00000103199	16	4798239	0.00234574310275293
156	ENSG00000196387	12	133656423	0.0024348630413866
157	ENSG00000167074	22	41763336	0.00248508767811411
158	ENSG00000178935	19	58315208	0.00257904746313095
159	ENSG00000105967	7	115575201	0.00263719795511068
160	ENSG00000174279	2	176942199	0.00269025510273616
161	ENSG00000164048	3	48282589	0.00293634784606707
162	ENSG00000095574	10	124750321	0.0029439206172843
163	ENSG00000109132	4	41746098	0.00296705400763057
164	ENSG00000214717	23	2404454	0.00301240033199573
165	ENSG00000089225	12	114791735	0.00307412584275541
166	ENSG00000069011	5	134363424	0.00308579747000347
167	ENSG00000168795	9	37438110	0.00310369082775462
168	ENSG00000161405	17	37921197	0.00314503664169631
169	ENSG00000197921	1	2460183	0.00325049589591234
170	ENSG00000162702	1	200374067	0.00332462945730909
171	ENSG00000130254	19	5587009	0.00333990334325189
172	ENSG00000167380	19	44669225	0.00342950949548615
173	ENSG00000198342	19	12460184	0.00354171293688562
174	ENSG00000177873	3	40518603	0.00359114946384276
175	ENSG00000131848	19	56732680	0.00369394898384097
176	ENSG00000153207	1	247002399	0.003702724982349
177	ENSG00000212993	8	128426534	0.00378171458387886
178	ENSG00000184436	22	21353392	0.00382133591966008
179	ENSG00000184481	23	70316046	0.00415774687728883
180	ENSG00000151702	11	128556429	0.00417045695765879
181	ENSG00000138380	2	203776936	0.00424787800119735
182	ENSG00000081386	9	99518146	0.0043721140614857
183	ENSG00000180035	16	30389632	0.00438300734713307
184	ENSG00000169548	22	22868059	0.00441127363894135
185	ENSG00000197037	7	99214568	0.00447227728403053
186	ENSG00000196152	9	130186660	0.00465019891302586
187	ENSG00000157613	11	46299211	0.00473140062928545
188	ENSG00000196267	19	52657116	0.00477623269374185
189	ENSG00000119608	14	75319735	0.00487130620126928
190	ENSG00000198353	12	54410714	0.00488554178429533
191	ENSG00000118156	19	48023941	0.00488800697326695
192	ENSG00000196767	23	82763268	0.00493253110871787
193	ENSG00000128710	2	176973517	0.00495157224766006
194	ENSG00000198440	19	56909334	0.00495895299551467
195	ENSG00000178860	8	72753783	0.00511058460837233
196	ENSG00000112242	6	20402397	0.00513744342886226
197	ENSG00000143365	1	151778546	0.00514004064377318
198	ENSG00000164458	6	166571143	0.00529628320828958
199	ENSG00000186812	18	32820993	0.00536632671970525
200	ENSG00000168874	2	85978466	0.00546633147241464
201	ENSG00000127528	19	16435627	0.00559828918940479
202	ENSG00000083817	19	58082933	0.00568678872850178
203	ENSG00000186017	19	36936020	0.00577184776523191
204	ENSG00000164185	5	121465316	0.0057877125824118
205	ENSG00000197472	1	247108848	0.00578983883563674
206	ENSG00000256223	12	133707160	0.0058150539101682
207	ENSG00000102870	16	30789777	0.00586614585663023
208	ENSG00000065029	6	35226758	0.00591550092174857
209	ENSG00000165643	9	138585252	0.00595180911442534
210	ENSG00000189164	19	37862062	0.00597352588818953
211	ENSG00000178917	3	44540461	0.00605397984234894
212	ENSG00000114126	3	141663276	0.00624562536650936
213	ENSG00000176472	19	44029648	0.00631198819527983
214	ENSG00000105991	7	27132611	0.00647914552434298
215	ENSG00000048405	7	126986843	0.00652342309416276
216	ENSG00000170577	2	45232299	0.00662499186398354
217	ENSG00000111269	12	12764760	0.00670526989318298
218	ENSG00000197013	19	21679483	0.00671262804921287
219	ENSG00000168769	4	106067449	0.00681781320108528
220	ENSG00000127152	14	99635623	0.00686507229454397
221	ENSG00000187772	6	105404922	0.00693519575511354
222	ENSG00000196268	19	21579920	0.00703545950342953
223	ENSG00000105127	19	15464195	0.00708703891672145
224	ENSG00000176160	17	56497527	0.00709222379392168
225	ENSG00000131115	19	44711699	0.00713693022839578
226	ENSG00000136936	9	100437190	0.0073598464340488
227	ENSG00000116035	2	71127719	0.00744729242397896
228	ENSG00000065978	1	43148097	0.00746249978025669
229	ENSG00000170515	12	56498102	0.00759309627929541
230	ENSG00000126561	17	40439564	0.00760948704291966
231	ENSG00000169946	8	106330919	0.00789220277088686
232	ENSG00000165804	14	21558204	0.00799267142702974
233	ENSG00000173757	17	40351185	0.00808973347088284
234	ENSG00000163508	3	27757439	0.00814505603205173
235	ENSG00000105516	19	49133286	0.00817182553047373
236	ENSG00000043355	13	100634025	0.00861860427258462
237	ENSG00000173258	9	114287438	0.00862236789921828
238	ENSG00000171161	1	249132408	0.00872988821657707
239	ENSG00000123576	23	103494718	0.00877439433688138
240	ENSG00000078399	7	27202053	0.00885881657816659
241	ENSG00000105997	7	27145802	0.00886146103919639
242	ENSG00000180479	19	38045683	0.00890770468132598
243	ENSG00000175832	17	41605211	0.0089830344151391
244	ENSG00000189180	10	38299577	0.00899969129775012
245	ENSG00000183770	3	138663065	0.00912472907298839
246	ENSG00000125813	20	21686296	0.00919267921887998
247	ENSG00000168779	3	157814947	0.00928890357978487
248	ENSG00000123407	12	54348617	0.00948638561994007
249	ENSG00000230797	23	21874104	0.00951627044047289
250	ENSG00000164651	7	20823905	0.00973180400898413
251	ENSG00000119547	18	55102916	0.010080282370834
252	ENSG00000158055	1	24645811	0.0100998246819069
253	ENSG00000076108	12	56989379	0.0102640132350468
254	ENSG00000115507	2	63277191	0.0103131820631882
255	ENSG00000012223	3	46477135	0.0104698169672687
256	ENSG00000198453	19	37407265	0.0105138428446394
257	ENSG00000005073	7	27221128	0.0105752024432573
258	ENSG00000135547	6	126068809	0.010797325214745
259	ENSG00000120963	8	102190105	0.0108591735769346
260	ENSG00000174652	19	9523271	0.0110525028225647
261	ENSG00000064961	19	3572774	0.0116108086275989
262	ENSG00000196793	10	44051791	0.0117640647875769
263	ENSG00000106261	7	99613203	0.0119073358790917
264	ENSG00000172216	20	48807375	0.0120552625489386
265	ENSG00000137871	15	56922378	0.012197260627962
266	ENSG00000106006	7	27185014	0.0122209550772891
267	ENSG00000062370	19	44830707	0.0122830842390067
268	ENSG00000124459	19	44416780	0.0125416278259777
269	ENSG00000155090	8	103661006	0.0128372535215462
270	ENSG00000251493	5	72740653	0.013166845212165
271	ENSG00000053254	14	89622515	0.0132363473918211
272	ENSG00000180318	12	85673884	0.0132621522692577
273	ENSG00000136327	14	37049783	0.013273317793778
274	ENSG00000180806	12	54388678	0.0133244311061435
275	ENSG00000152475	19	58878984	0.0133377715881206
276	ENSG00000121864	3	179040778	0.0133832789508711
277	ENSG00000197050	19	37498758	0.0134455281525301
278	ENSG00000185177	7	57187320	0.0134495566223548
279	ENSG00000153896	19	35248980	0.0135753804071551
280	ENSG00000196867	19	57050316	0.0136290964944744
281	ENSG00000186026	19	44576296	0.0136384521534474
282	ENSG00000121406	19	58038793	0.0137703945469512
283	ENSG00000069667	15	60780482	0.0137925064609562
284	ENSG00000198740	17	47366567	0.0138140519907579
285	ENSG00000165891	12	77415026	0.0139660940567558
286	ENSG00000173480	19	58411663	0.0140157140896513
287	ENSG00000185669	16	88744089	0.0141824417801186
288	ENSG00000132024	19	14017013	0.0152303585418042
289	ENSG00000176165	14	29235049	0.0154682612066388
290	ENSG00000126778	14	61110132	0.0155436303095713
291	ENSG00000169840	13	28366779	0.0157030689554892
292	ENSG00000103449	16	51169885	0.0157511168777365
293	ENSG00000161551	19	52359054	0.0158679949784834
294	ENSG00000117139	1	202696525	0.015908684415592
295	ENSG00000130940	1	10696660	0.0159150783856211
296	ENSG00000074047	2	121493198	0.0160031466759673
297	ENSG00000122145	23	79270254	0.0161496276662893
298	ENSG00000251247	19	37341262	0.0162185616194001
299	ENSG00000182759	8	144501351	0.0162203961584206
300	ENSG00000177853	10	97889471	0.0165315937342667
301	ENSG00000118495	6	144261438	0.0166196887454286
302	ENSG00000223547	19	12175513	0.0166548372224504
303	ENSG00000138336	10	70320412	0.0168520150565699
304	ENSG00000166888	12	57489190	0.0168859845511954
305	ENSG00000180938	8	125985539	0.0171203895846159
306	ENSG00000186300	19	2841432	0.0175729623747679
307	ENSG00000215271	14	23741665	0.0176555559662868
308	ENSG00000161298	19	37095718	0.0177706249745805
309	ENSG00000010244	17	30677135	0.0178149738699804
310	ENSG00000159885	19	44529493	0.0179735074629457
311	ENSG00000245848	19	33790839	0.0183273561303853
312	ENSG00000187187	19	40490040	0.0184335155169168
313	ENSG00000197808	19	37128093	0.018486802395646
314	ENSG00000173894	17	77751930	0.0185005480745309
315	ENSG00000107187	9	139088095	0.018749340463506
316	ENSG00000120784	19	38104649	0.0189573135022232
317	ENSG00000234284	5	178450752	0.0190119730489877
318	ENSG00000111049	12	81110690	0.019061823676714
319	ENSG00000152977	3	147111208	0.0191329059414701
320	ENSG00000180818	12	54378848	0.0191713017129199
321	ENSG00000161914	19	11594241	0.0192255051442398
322	ENSG00000092067	14	23586512	0.0192352908063519
323	ENSG00000197782	19	40575058	0.0192550287840242
324	ENSG00000167635	19	36705503	0.0196241158446821
325	ENSG00000020256	20	50668201	0.0201105249813441
326	ENSG00000172466	18	32912175	0.0201619351254841
327	ENSG00000141568	17	80477588	0.0202943542788425
328	ENSG00000178150	19	48675574	0.0203667635847806
329	ENSG00000187140	1	63788729	0.020683002363587
330	ENSG00000143355	1	197881036	0.0206961241704825
331	ENSG00000174738	3	23986750	0.0209599525053782
332	ENSG00000140968	16	85932408	0.0209600172775348
333	ENSG00000167981	16	3486103	0.0210978110918399
334	ENSG00000143178	1	168250277	0.0212723860130292
335	ENSG00000197905	12	3068495	0.021328111893979
336	ENSG00000153779	23	89176880	0.0215078923153145
337	ENSG00000110777	11	111228250	0.0215688197965347
338	ENSG00000126767	23	47494919	0.0215964488212593
339	ENSG00000182568	3	18438747	0.0216364823025523
340	ENSG00000244405	3	185764096	0.0218584657356304
341	ENSG00000177888	1	197122809	0.0221670067317087
342	ENSG00000236609	7	6655247	0.0222526611235564
343	ENSG00000147862	9	14081841	0.0223859442025298
344	ENSG00000106571	7	42000547	0.0224082823086354
345	ENSG00000136870	9	104161154	0.0225316511131874
346	ENSG00000105708	19	19821279	0.0226571147200612
347	ENSG00000007866	6	35441373	0.0230756938173477
348	ENSG00000136574	8	11534467	0.0231598341806246
349	ENSG00000029153	12	27485786	0.0232597188228162
350	ENSG00000177842	3	40547482	0.0236087976043474
351	ENSG00000198521	19	21987751	0.0236112371489772
352	ENSG00000184939	16	68563992	0.0239491215893307
353	ENSG00000134107	3	5020800	0.0241224736481578
354	ENSG00000137203	6	10393418	0.0242200136314494
355	ENSG00000171466	19	9759329	0.0242405192752436
356	ENSG00000124092	20	56071034	0.0244810385669953
357	ENSG00000185420	1	245912641	0.0245583376139727
358	ENSG00000083812	19	58978422	0.0245611231157804
359	ENSG00000179909	19	58208734	0.0245961433799184
360	ENSG00000106554	7	132469628	0.0246139576517035
361	ENSG00000163884	3	126061477	0.0246561300459775
362	ENSG00000105996	7	27139720	0.0250440840251805
364	ENSG00000171649	19	58089823	0.0250657791244953
365	ENSG00000170653	12	53901639	0.0251744289238559
366	ENSG00000143390	1	151313115	0.0254316739338569
367	ENSG00000171940	20	52183603	0.0255240019008412
368	ENSG00000174197	15	41913421	0.0256217222149471
369	ENSG00000124920	11	61520113	0.025676858032412
370	ENSG00000152804	10	94447944	0.0257473595236556
371	ENSG00000160908	7	99084141	0.0260749815499607
372	ENSG00000127903	19	57174019	0.0261278843568208
373	ENSG00000154832	18	47808712	0.0265358336711758
374	ENSG00000133250	19	8575461	0.0265869098381957
375	ENSG00000198429	19	11998598	0.0266763033293931
376	ENSG00000203989	23	119205847	0.0270617139351286
377	ENSG00000184486	6	99282579	0.0272871351428482
378	ENSG00000129173	11	19245609	0.0274811869016888
379	ENSG00000123933	4	2249158	0.0278197010715044
380	ENSG00000230257	7	102613968	0.0282688002073443
381	ENSG00000171295	19	11925098	0.0283455197389626
382	ENSG00000081665	19	19896647	0.0283798559518717
383	ENSG00000162676	1	92940318	0.0283955974490043
384	ENSG00000163497	2	219845808	0.028543406240648
385	ENSG00000136451	17	56048909	0.0285968098398206
386	ENSG00000122085	2	242011583	0.0287242933626157
387	ENSG00000185668	1	38509522	0.0291939626955612
388	ENSG00000196460	2	102013822	0.0295279533965223
389	ENSG00000150907	13	41129803	0.0295753461243174
390	ENSG00000204947	7	148799875	0.0296515534096655
391	ENSG00000106624	7	44143959	0.0297408695609195
392	ENSG00000205927	21	34398152	0.0298717813953914
393	ENSG00000177683	7	108194986	0.0306564959482947
394	ENSG00000242852	19	12571997	0.0317148035463519
395	ENSG00000083844	19	57702867	0.0318148942974188
396	ENSG00000104903	19	13209846	0.0319661982001474
397	ENSG00000162599	1	61330930	0.0325572000264063
398	ENSG00000170100	16	89284117	0.0326905696867648
399	ENSG00000204920	19	44472013	0.0329912362877601
400	ENSG00000125398	17	70117160	0.0338614497059818
401	ENSG00000110925	12	51454989	0.0341057200153074
402	ENSG00000112333	6	108487261	0.0348539764730361
403	ENSG00000126351	17	38214542	0.035201870226911
404	ENSG00000030419	2	213864428	0.0354030584818853
405	ENSG00000064218	9	976963	0.0356564628536288
406	ENSG00000170485	2	101436613	0.0357393045248381
407	ENSG00000106459	7	129251554	0.0359872843244252
408	ENSG00000173673	1	6304251	0.0362835420798278
409	ENSG00000205143	9	34621375	0.0367487064451937
410	ENSG00000175691	19	2933215	0.0369305034490723
411	ENSG00000141905	19	3359560	0.0369692194811195
412	ENSG00000213676	6	32065952	0.0381248734487482
413	ENSG00000151789	3	21478503	0.0388514109964934
414	ENSG00000169083	23	66764464	0.0388602887597408
415	ENSG00000134438	18	56934266	0.0389109187471194
416	ENSG00000183340	11	96123152	0.0389181759750993
417	ENSG00000174282	17	7362684	0.0389858667787863
418	ENSG00000185238	11	20409075	0.0390527497701011
419	ENSG00000112033	6	35310334	0.0391397938558385
420	ENSG00000187605	2	74273449	0.0391725902251734
421	ENSG00000176024	19	52430399	0.0394020380439007
422	ENSG00000063438	5	304290	0.0395304626502106
423	ENSG00000141646	18	48494409	0.0397003100741579
424	ENSG00000141040	17	16454700	0.0397515865261358
425	ENSG00000009709	1	18957499	0.0398705688309389
426	ENSG00000105672	19	36132646	0.0403130217443506
427	ENSG00000140632	16	4853203	0.0403210675171087
428	ENSG00000111046	12	81101276	0.0403530107524127
429	ENSG00000005513	16	1031807	0.040438854622658
430	ENSG00000100644	14	62162230	0.0406744103207099
431	ENSG00000175395	10	38238499	0.0408146019511021
432	ENSG00000120693	13	37418967	0.0410787666693866
433	ENSG00000186272	19	57922530	0.0415764189228979
434	ENSG00000197647	19	12125546	0.0420917248907835
435	ENSG00000256771	19	19976694	0.0423143575019302
436	ENSG00000118217	1	161736083	0.0424175663987562
437	ENSG00000128000	19	40534166	0.0424387073516072
438	ENSG00000186376	23	134382866	0.0426081834650343
439	ENSG00000115844	2	172964166	0.0429160989799603
440	ENSG00000198298	10	44101854	0.0435108372492917
441	ENSG00000171574	19	58912870	0.0437272565737619
442	ENSG00000091831	6	151977825	0.0442751672926441
443	ENSG00000147601	8	73921098	0.0443203638129497
444	ENSG00000136997	8	128747679	0.0447950577558016
445	ENSG00000025293	20	34359904	0.0450589605342537
446	ENSG00000106511	7	15650836	0.0451754413849829
447	ENSG00000010030	6	36322418	0.0452414056788814
448	ENSG00000197566	17	16524050	0.0454154600246346
449	ENSG00000196345	3	44596684	0.0462541814005232
450	ENSG00000143067	1	120162044	0.0464236906512754
451	ENSG00000102034	23	129198848	0.046600921034661
452	ENSG00000198093	19	52392476	0.0472036272385285
453	ENSG00000176723	16	31445568	0.0472818165038029
454	ENSG00000236104	6	33282182	0.0473667610600841
455	ENSG00000122859	10	71331453	0.0475479655042154
456	ENSG00000197008	7	64254765	0.0477934457450877
457	ENSG00000147789	8	146052848	0.0480252621371904
458	ENSG00000123268	12	51157492	0.0481784246500764
459	ENSG00000188620	10	124895477	0.0483236257664915
460	ENSG00000215372	8	7213038	0.0491004523146004
461	ENSG00000141448	18	19749403	0.0491951753916401
462	ENSG00000112561	6	41651715	0.0500451356174099
463	ENSG00000170370	10	119301954	0.0500721033231121
464	ENSG00000176542	3	113367231	0.0501788167253432
465	ENSG00000056277	23	129336684	0.0502781663019154
466	ENSG00000179772	20	30432102	0.0509261970948654
467	ENSG00000147180	23	84498996	0.0518735402204468
468	ENSG00000121413	19	58595204	0.0518981716170733
469	ENSG00000116990	1	40361097	0.051904651653441
470	ENSG00000125945	1	23685940	0.0521054570246112
471	ENSG00000150347	10	63661058	0.052431560935203
472	ENSG00000196263	19	57019211	0.0526751392657196
473	ENSG00000101493	18	74069643	0.0527242467366296
474	ENSG00000101412	20	32263488	0.0531746723511472
475	ENSG00000243678	17	49230919	0.0533586295636871
476	ENSG00000115816	2	37428754	0.0535672341012418
477	ENSG00000171443	19	56111387	0.0537912489047037
478	ENSG00000116731	1	14026692	0.0538029955133422
479	ENSG00000134532	12	23682439	0.0542496907277178
480	ENSG00000150051	10	27961803	0.0547094117002282
481	ENSG00000179922	19	56132107	0.0549206828935255
482	ENSG00000198945	6	130334843	0.0549551099698049
483	ENSG00000156469	8	97251625	0.0550508803845341
484	ENSG00000197863	19	37308329	0.0552866570956705
485	ENSG00000186766	10	129535498	0.0564703793411643
486	ENSG00000101190	20	61472466	0.0566294635398659
487	ENSG00000169016	2	11584500	0.0568062580579667
488	ENSG00000182141	19	21473961	0.0572359166880764
489	ENSG00000197020	19	21905567	0.0575919530267154
490	ENSG00000131381	3	15111579	0.0578681819325701
491	ENSG00000171827	19	37958486	0.058002814362164
492	ENSG00000178403	4	113434671	0.0580597789572848
493	ENSG00000106004	7	27180670	0.0582363746216752
494	ENSG00000011332	19	38701645	0.0583287058997355
495	ENSG00000188033	19	12688774	0.0584334548355596
496	ENSG00000186416	23	118722299	0.0584496027185645
497	ENSG00000188909	11	122848277	0.0589588960387213
498	ENSG00000100625	14	61176245	0.0600207856229611
499	ENSG00000186487	2	1792884	0.0600608926724264
500	ENSG00000130522	19	18390562	0.0601585527546516
501	ENSG00000068323	23	48886241	0.060619093494562
502	ENSG00000107859	10	103989942	0.0608940103809989
503	ENSG00000196323	11	130096571	0.0615488502981185
504	ENSG00000060138	12	10851682	0.0616595547477808
505	ENSG00000196456	7	150065878	0.0622008331052831
506	ENSG00000088876	20	2465172	0.0627230662271188
507	ENSG00000187079	11	12695968	0.0632649896152518
508	ENSG00000152454	19	58452200	0.0635622536641441
509	ENSG00000214022	7	150065277	0.063579691104744
510	ENSG00000087903	19	5993174	0.0642304380749855
511	ENSG00000109320	4	103422485	0.0642451961020351
512	ENSG00000197928	19	53731576	0.0643640037852838
513	ENSG00000165588	14	57267424	0.0646463597111408
514	ENSG00000121903	1	33938245	0.0648160614711416
515	ENSG00000107807	10	102889256	0.0653752289301908
516	ENSG00000103495	16	29817426	0.0659829747320809
517	ENSG00000110693	11	15987994	0.0665792523799631
518	ENSG00000187559	9	70917275	0.0668285764075864
519	ENSG00000111145	12	96588159	0.0672008520490913
520	ENSG00000139651	12	53574483	0.0674841394192821
521	ENSG00000237440	19	20718630	0.0677524734816059
522	ENSG00000163623	4	85413139	0.068209832250655
523	ENSG00000141510	17	7565096	0.0686341529426585
524	ENSG00000178951	19	4044361	0.0689678896670295
525	ENSG00000090612	12	133707569	0.0693515813326505
526	ENSG00000130711	9	133539980	0.069408885875839
527	ENSG00000062194	5	56469774	0.0696887891350554
528	ENSG00000116017	19	925780	0.0700665749011368
529	ENSG00000105497	19	52074550	0.0708932948685624
530	ENSG00000185129	5	139487361	0.0711536601423916
531	ENSG00000174963	3	147103832	0.0716815793831819
532	ENSG00000176399	9	22446839	0.0720151625220935
533	ENSG00000101457	20	44420575	0.0721109314322391
534	ENSG00000168310	4	185308866	0.072218801493427
535	ENSG00000118922	13	74260225	0.0723886678606082
536	ENSG00000124444	19	44100543	0.0724965184313509
537	ENSG00000072736	16	68118653	0.0725209052715781
538	ENSG00000167637	19	44331443	0.0727546022680532
539	ENSG00000250709	13	36742930	0.0735589147582311
540	ENSG00000204366	6	31867383	0.074795057281549
541	ENSG00000137265	6	391738	0.0763481892965841
542	ENSG00000125820	20	21491647	0.0767098887414268
543	ENSG00000169981	3	44690218	0.0772588620575945
544	ENSG00000177045	19	46268042	0.0773067826274526
545	ENSG00000185697	8	67474409	0.0773194998193068
546	ENSG00000176083	1	26688124	0.0782434013752132
547	ENSG00000166704	19	58488420	0.0796642453962238
548	ENSG00000188227	19	37997840	0.0804977643485596
549	ENSG00000173068	9	16409500	0.0806938160283902
550	ENSG00000059728	2	70124819	0.0810770410366096
551	ENSG00000105419	19	47906380	0.0811964302577352
552	ENSG00000169297	23	30322322	0.0814523129628709
553	ENSG00000182983	3	42947222	0.0814529700517142
554	ENSG00000269343	19	58331098	0.0819912350673279
555	ENSG00000167962	16	2047654	0.0820071017208504
556	ENSG00000175809	23	22291064	0.0820680730077905
557	ENSG00000121297	19	31765850	0.0820799171040362
558	ENSG00000197128	19	57978030	0.0826695501403506
559	ENSG00000120094	17	46605887	0.0833470454629578
560	ENSG00000175329	22	35462128	0.0840873152667757
561	ENSG00000119715	14	76776956	0.0850149746268307
562	ENSG00000166949	15	67356100	0.0850565605846335
563	ENSG00000124151	20	46130600	0.0854949939384737
564	ENSG00000166529	7	99647389	0.0855245014234239
565	ENSG00000257591	19	12251031	0.0858019280302804
566	ENSG00000164256	5	23507263	0.0858096326858255
567	ENSG00000260027	17	46684593	0.0866452916630263
568	ENSG00000204859	1	6640060	0.0868755243313017
569	ENSG00000131845	19	57862674	0.0869611950676268
570	ENSG00000103343	16	3451234	0.0871442773090306
571	ENSG00000146618	7	19184404	0.0874810712776003
572	ENSG00000171291	19	11959540	0.0874922612855975
573	ENSG00000124813	6	45295893	0.0883688497864788
574	ENSG00000131196	18	77155855	0.0888019132662372
575	ENSG00000183734	11	2289724	0.0890477667094541
576	ENSG00000006704	7	73868119	0.0891967010619569
579	ENSG00000186130	9	125670334	0.0899870673852191
580	ENSG00000159915	19	44754317	0.0907900222751426
581	ENSG00000186564	1	47901688	0.0908240189186375
582	ENSG00000166432	23	101137261	0.0912194554677787
583	ENSG00000256683	19	52467595	0.0926742547662336
584	ENSG00000134874	13	96230456	0.0930446126436834
585	ENSG00000181472	6	151685251	0.0932073789966805
586	ENSG00000181666	19	37803738	0.0940293036269504
587	ENSG00000185869	19	37379025	0.0940690309819783
588	ENSG00000143157	1	166808680	0.0943051144779438
589	ENSG00000184677	1	22778343	0.0944964665801304
590	ENSG00000144355	2	172949467	0.0957292327516783
591	ENSG00000181690	8	57073462	0.096075985986962
592	ENSG00000152433	19	57874844	0.0962861924867868
593	ENSG00000159905	19	44455374	0.0965247146630328
594	ENSG00000178187	5	178368191	0.0965508467637334
595	ENSG00000155592	16	25247321	0.0980009537774568
596	ENSG00000174255	3	113953482	0.0985686263142898
597	ENSG00000136535	2	162272604	0.098737389984491
598	ENSG00000165061	8	40388108	0.0998705947982675
599	ENSG00000104447	8	116420723	0.10060116365125
600	ENSG00000100968	14	24834878	0.10078754518092
601	ENSG00000123411	12	56401442	0.101139371200234
602	ENSG00000179965	16	30418617	0.101323664490791
603	ENSG00000133937	14	95234552	0.101880259756803
604	ENSG00000186020	19	37039002	0.101905092358193
605	ENSG00000143995	2	66662264	0.101964152099782
606	ENSG00000263002	19	44645709	0.102895960235225
607	ENSG00000128709	2	176987087	0.103317642086717
608	ENSG00000136630	1	221051698	0.103891309751043
609	ENSG00000183434	23	132350696	0.104048031494862
610	ENSG00000168916	5	123972608	0.104235777798042
611	ENSG00000197937	19	53627324	0.105357475791884
612	ENSG00000169856	15	53049636	0.106047991369243
613	ENSG00000143190	1	167190065	0.108427261651815
614	ENSG00000102984	16	71893582	0.109111323809623
615	ENSG00000134954	11	128328659	0.10939426986522
616	ENSG00000119403	9	123617976	0.109525278305638
617	ENSG00000010539	16	3272324	0.110256392563336
618	ENSG00000163320	3	88101093	0.1104657031143
619	ENSG00000091010	5	145718586	0.110616239096929
620	ENSG00000183309	8	144718182	0.110923024970427
621	ENSG00000008441	19	13106421	0.111323496287375
622	ENSG00000168348	14	36003247	0.111613725108733
623	ENSG00000157557	21	40177230	0.111863967368406
624	ENSG00000159263	21	38071432	0.111873413289973
625	ENSG00000120075	17	46668618	0.112158599581447
626	ENSG00000189298	6	28317690	0.112272644307978
627	ENSG00000179627	14	105266932	0.112494625680649
628	ENSG00000171786	1	160336856	0.112560326121969
629	ENSG00000129514	14	38059188	0.11284978803518
630	ENSG00000136504	17	47865916	0.113166047011386
631	ENSG00000196597	9	99578753	0.114254301223782
632	ENSG00000115041	2	95963051	0.11431100489162
633	ENSG00000181135	8	144766621	0.11436908528608
634	ENSG00000160062	1	33005027	0.114784749696775
635	ENSG00000159588	1	46085715	0.114881091014394
636	ENSG00000089335	19	35168543	0.115285055076673
637	ENSG00000182903	4	419603	0.115607752509315
638	ENSG00000186814	18	32831031	0.116156927099759
639	ENSG00000127081	9	95607873	0.116730943479805
640	ENSG00000144161	2	112969101	0.116909701837035
641	ENSG00000177606	1	59246464	0.117353886506799
642	ENSG00000164532	7	35242041	0.117440578432528
643	ENSG00000180884	19	35447257	0.11798786739397
644	ENSG00000175727	12	122516627	0.11812363446025
645	ENSG00000143032	1	91177095	0.118386494212166
646	ENSG00000180626	17	5082830	0.119321710692236
647	ENSG00000148200	9	127279553	0.119321757595869
648	ENSG00000100207	22	42556018	0.120749683227443
649	ENSG00000154957	17	11880755	0.12255117511548
650	ENSG00000178229	19	57831876	0.123190440926688
651	ENSG00000172379	15	80696691	0.125338839753767
652	ENSG00000186230	19	57946696	0.126069530833497
653	ENSG00000169136	19	50431958	0.126131802108607
654	ENSG00000235109	6	28292513	0.126368583460608
655	ENSG00000119042	2	200134222	0.126517921269405
656	ENSG00000167394	16	31072163	0.126662853794768
657	ENSG00000205899	17	1173852	0.128136637063926
658	ENSG00000181722	3	114056940	0.128306051071126
659	ENSG00000165495	11	125034582	0.128663234465505
660	ENSG00000215356	8	7783858	0.128889100425991
661	ENSG00000105136	19	57999078	0.130060082820487
662	ENSG00000198517	7	1570349	0.13122648429791
663	ENSG00000261787	8	67858735	0.131406689037441
664	ENSG00000221923	19	52873169	0.131787041291441
665	ENSG00000173404	20	20348764	0.131922571118034
666	ENSG00000111249	12	111471827	0.13215650731973
667	ENSG00000099364	16	30934375	0.132264655882614
668	ENSG00000258873	19	57665388	0.132633722780379
669	ENSG00000160633	19	5623045	0.133052196605862
670	ENSG00000189079	12	46123447	0.133839388442587
671	ENSG00000125798	20	22561642	0.13399328259854
672	ENSG00000001167	6	41040683	0.135066455420544
673	ENSG00000173253	9	1050353	0.136328315648724
674	ENSG00000152926	7	64432153	0.138152617304742
675	ENSG00000112511	6	33378175	0.139253626980361
676	ENSG00000197062	6	28234787	0.139951958730033
678	ENSG00000256087	19	52538394	0.140772921019407
679	ENSG00000124440	19	46800302	0.141530174445913
680	ENSG00000196214	19	52772823	0.142187707955789
681	ENSG00000116132	1	170631868	0.143040257759504
682	ENSG00000164296	5	149372680	0.143442533042111
683	ENSG00000254004	19	37001596	0.143711314414431
684	ENSG00000125812	20	23342786	0.144423132731551
685	ENSG00000163132	4	4861392	0.144858940641256
686	ENSG00000196391	15	90895476	0.144877666395279
687	ENSG00000101883	23	119243010	0.145112099091161
688	ENSG00000138073	2	27353623	0.145413432071585
689	ENSG00000136866	9	115800659	0.146367260561365
690	ENSG00000136367	14	23990065	0.147274891938044
691	ENSG00000061455	5	122424815	0.14747511095967
692	ENSG00000164334	5	118965253	0.148036745156866
693	ENSG00000204519	19	58193336	0.148402843585542
694	ENSG00000147117	23	47229981	0.148472390680531
695	ENSG00000074219	19	49843851	0.148616007119573
696	ENSG00000198783	17	33288548	0.148653389865338
697	ENSG00000006194	16	3313742	0.149447246029146
698	ENSG00000135100	12	121416345	0.149513621614095
699	ENSG00000181007	19	36874021	0.150325798671369
700	ENSG00000164631	7	6728063	0.152505219494186
701	ENSG00000178163	4	10441497	0.1534558758811
702	ENSG00000180613	4	54965689	0.154102566301645
703	ENSG00000123405	12	54685894	0.154317417284107
704	ENSG00000139445	12	109715783	0.155153731031753
705	ENSG00000117000	1	40627044	0.155182694117173
706	ENSG00000173825	11	65122237	0.156425684280932
707	ENSG00000081189	5	88013974	0.156504669315824
708	ENSG00000205250	16	67226071	0.1566490755634
709	ENSG00000121454	1	180199420	0.157262863221807
710	ENSG00000164916	7	4683387	0.158210524519843
711	ENSG00000175550	11	65686727	0.158370171945332
712	ENSG00000245680	19	37672480	0.158872389619666
713	ENSG00000184828	18	45553043	0.15963635904638
714	ENSG00000136826	9	110247132	0.160245796338337
715	ENSG00000009950	7	73007523	0.161115223734121
716	ENSG00000215612	4	8847801	0.161393201303576
717	ENSG00000233608	2	239756672	0.162603440433573
718	ENSG00000187607	17	15602890	0.163643379563752
719	ENSG00000105698	19	35759880	0.163659266384
720	ENSG00000162924	2	61108655	0.164224383229347
721	ENSG00000196693	10	43084554	0.164619023757773
722	ENSG00000173041	7	63980261	0.164687242126094
723	ENSG00000144331	2	180306708	0.164931769937127
724	ENSG00000152439	19	58011282	0.165357714363023
725	ENSG00000198040	12	133613877	0.165401851194767
726	ENSG00000167232	19	23487792	0.165532605261057
727	ENSG00000136931	9	127243515	0.165669585652048
728	ENSG00000170903	11	105866349	0.166918999115585
729	ENSG00000152443	19	58258163	0.166931069669226
730	ENSG00000124827	6	10873455	0.167015644655795
731	ENSG00000227059	12	133794897	0.167409408151245
732	ENSG00000187792	22	24083768	0.167524683032235
733	ENSG00000197024	7	148823507	0.168123127658751
734	ENSG00000102145	23	48644961	0.168403593299614
735	ENSG00000004848	23	25021810	0.169646121828597
736	ENSG00000117505	1	93811444	0.170210504449371
737	ENSG00000070476	3	126156443	0.170562886424335
738	ENSG00000100811	14	100704634	0.171163414875317
739	ENSG00000171448	9	125677844	0.171256384417532
740	ENSG00000177374	17	1957447	0.171483817392735
741	ENSG00000106031	7	27233121	0.172151432402252
742	ENSG00000176371	15	85144216	0.172503081394249
743	ENSG00000096654	6	27418521	0.1730305640956
744	ENSG00000152467	19	58545399	0.173036873407554
745	ENSG00000066422	3	101367732	0.173410470018098
746	ENSG00000179388	8	22545171	0.173863022890165
747	ENSG00000198046	19	56950693	0.173899844009944
748	ENSG00000112238	6	100054605	0.173963863448975
749	ENSG00000072310	17	17713712	0.174020196927973
750	ENSG00000171606	19	58694395	0.17421581730687
751	ENSG00000184659	9	70426622	0.174368104402096
752	ENSG00000198028	19	9577182	0.174412011640225
753	ENSG00000166478	11	9481865	0.174866430967346
754	ENSG00000141579	17	80787310	0.177239921398121
755	ENSG00000167034	8	23536205	0.177368083668735
756	ENSG00000185022	22	38597888	0.178173446469384
757	ENSG00000171169	9	130823511	0.178397379665486
758	ENSG00000084676	2	24714782	0.179026813783323
759	ENSG00000187626	6	28212400	0.17920534659919
760	ENSG00000164736	8	55370494	0.179584916654088
761	ENSG00000187815	1	40942886	0.180079139076136
762	ENSG00000112837	6	85397090	0.180553661267426
763	ENSG00000162664	1	90460670	0.180841003640668
764	ENSG00000138083	2	45168901	0.181345760205288
765	ENSG00000164299	5	79615443	0.181726201078506
766	ENSG00000126804	14	64970429	0.183666512307288
767	ENSG00000089775	14	64915823	0.183891273592817
768	ENSG00000157933	1	2160133	0.184375229572365
769	ENSG00000165606	10	50572236	0.185326262299329
770	ENSG00000039600	5	157052686	0.185392307215258
771	ENSG00000189120	17	45922278	0.185842126347471
772	ENSG00000163792	2	27371871	0.18619880286069
773	ENSG00000197714	19	57791418	0.186215137758669
774	ENSG00000050344	7	26191859	0.187046568569986
775	ENSG00000164438	5	170736287	0.187177949306806
776	ENSG00000197343	7	99156028	0.1878423319458
777	ENSG00000118689	6	108881037	0.187899823603465
778	ENSG00000197619	19	52494584	0.18823344148793
779	ENSG00000169740	10	44139306	0.188604773774738
781	ENSG00000249471	19	58962970	0.18868651802729
782	ENSG00000016082	5	50678920	0.189047749829384
783	ENSG00000267508	19	44886458	0.189336029190895
784	ENSG00000196110	19	9404950	0.1911806293436
785	ENSG00000221994	23	47842755	0.191809548174815
786	ENSG00000171735	1	6845383	0.192955211534053
787	ENSG00000152784	4	81105032	0.193109564995489
788	ENSG00000198176	13	114239055	0.193228017667844
790	ENSG00000141258	17	2240791	0.193869887501518
791	ENSG00000082175	11	100900354	0.194491088514664
792	ENSG00000178177	4	17842821	0.194503914257031
793	ENSG00000204514	19	58360098	0.194942770090023
794	ENSG00000143171	1	165370158	0.196347170886246
795	ENSG00000217236	2	175199673	0.196832195757515
796	ENSG00000166716	15	85291865	0.198265460535148
797	ENSG00000186448	3	44626379	0.198306471423459
798	ENSG00000215397	20	642239	0.198332178806541
799	ENSG00000179348	3	128198269	0.198401585451476
800	ENSG00000167157	9	132427919	0.198542781507343
801	ENSG00000158805	16	89786807	0.198712755191833
802	ENSG00000188313	3	146232966	0.199418249074201
803	ENSG00000121417	19	58141760	0.199483508395588
804	ENSG00000187098	3	69788585	0.199968838384408
805	ENSG00000160961	19	14800612	0.200806033394154
806	ENSG00000188171	19	20802866	0.201481286005642
807	ENSG00000269699	19	57285919	0.202413578265679
808	ENSG00000164600	7	31377074	0.202593428166481
810	ENSG00000125952	14	65472891	0.203019445137841
811	ENSG00000118058	11	118307204	0.204246545315239
812	ENSG00000243943	2	27805896	0.204318115874981
813	ENSG00000172273	11	118992296	0.205613033930269
814	ENSG00000122034	13	27998680	0.206447269622739
815	ENSG00000130675	7	156786744	0.207268102502475
816	ENSG00000185730	8	144371845	0.207604507336153
817	ENSG00000182463	20	51588945	0.208607864799115
818	ENSG00000164107	4	174446119	0.20899657651222
819	ENSG00000010803	1	41492871	0.211417368634439
820	ENSG00000198556	7	99070515	0.212363565751482
821	ENSG00000196418	1	247285276	0.212386221905096
822	ENSG00000089094	12	121866899	0.213043427513723
823	ENSG00000167840	17	5008835	0.21417882826522
824	ENSG00000175879	2	176994421	0.214247923811345
825	ENSG00000198815	1	42642209	0.214440767875374
826	ENSG00000215343	8	11961897	0.215907436451
827	ENSG00000220201	19	10415478	0.21774507895379
828	ENSG00000118418	6	79910961	0.218569858947937
829	ENSG00000138378	2	191894301	0.219008720161512
830	ENSG00000126603	16	4364761	0.219026725407785
831	ENSG00000135111	12	115108058	0.219715631013969
832	ENSG00000213999	19	19256376	0.219833791109744
833	ENSG00000162367	1	47681961	0.219889174786886
834	ENSG00000168772	4	105389468	0.221759501921871
835	ENSG00000120690	13	41506055	0.222569971456521
836	ENSG00000135903	2	223064606	0.224147690723636
837	ENSG00000188295	1	247263263	0.224671859235232
838	ENSG00000215421	18	72265105	0.225051740323679
839	ENSG00000108813	17	48046333	0.225940271916075
840	ENSG00000189190	19	53267447	0.226603431972792
841	ENSG00000235608	4	1396719	0.226945754749009
842	ENSG00000120068	17	46688738	0.227553389192295
843	ENSG00000164853	7	1272542	0.227646535413408
844	ENSG00000236287	11	10871443	0.228068004981462
845	ENSG00000125850	20	17937622	0.229340425252023
846	ENSG00000198300	19	57321444	0.22994191882955
847	ENSG00000108511	17	46671638	0.230146362964688
848	ENSG00000168661	19	35417806	0.230877567695947
849	ENSG00000161642	12	54762916	0.231662375644869
850	ENSG00000181220	7	149169884	0.232040178182043
851	ENSG00000153560	3	33429827	0.232373825046805
852	ENSG00000131116	19	44111370	0.235070008145497
853	ENSG00000198039	7	64342870	0.235162676998955
854	ENSG00000177732	20	306206	0.235395883082054
855	ENSG00000204231	6	33161364	0.235981331378667
856	ENSG00000112200	6	56954807	0.236548954940183
857	ENSG00000170166	2	177015949	0.236790325317166
858	ENSG00000177311	3	141106653	0.237422758810052
859	ENSG00000112592	6	170863389	0.239473265372249
860	ENSG00000269404	19	50922194	0.23987220700913
861	ENSG00000137947	1	89318614	0.241652940739125
862	ENSG00000132170	3	12328866	0.241909907638651
863	ENSG00000059122	16	2961937	0.242482466722043
864	ENSG00000186918	8	28203101	0.242489610703201
865	ENSG00000198816	19	7580177	0.242491566932659
866	ENSG00000146587	7	5085451	0.242662180114314
867	ENSG00000164684	8	81540685	0.242696724346675
868	ENSG00000095794	10	35415718	0.242786562914532
869	ENSG00000232237	1	201083080	0.243166554879285
870	ENSG00000146676	7	44915895	0.243238916860246
871	ENSG00000179195	12	124456391	0.244047695291477
872	ENSG00000257315	1	203765436	0.24524535458388
873	ENSG00000025434	11	47269850	0.246053092683653
874	ENSG00000106331	7	127250345	0.247765073528827
875	ENSG00000122180	1	203052259	0.24818553747792
876	ENSG00000170374	12	53720361	0.248590769029339
877	ENSG00000196757	19	12035882	0.250567890302664
878	ENSG00000171956	15	60296420	0.251811556084783
879	ENSG00000196724	19	58433251	0.2518682662086
880	ENSG00000165066	8	41502696	0.252132749488639
881	ENSG00000102804	13	45007654	0.252361922569993
882	ENSG00000162086	16	3355405	0.252543412731277
883	ENSG00000180828	8	65492813	0.252742253030072
884	ENSG00000171425	19	56146824	0.253421891700097
885	ENSG00000007968	1	23832921	0.253621217759827
886	ENSG00000126368	17	38249039	0.255579961233959
887	ENSG00000100987	20	25051520	0.25678400296267
888	ENSG00000121075	17	59529764	0.257616642259641
889	ENSG00000147124	23	47305277	0.258488670392304
890	ENSG00000181894	19	58637618	0.261010510372011
891	ENSG00000130751	19	47523076	0.261093734905402
892	ENSG00000189420	23	152683779	0.261800560483151
893	ENSG00000151615	4	147560044	0.262235762355043
894	ENSG00000124496	6	42192668	0.262553820238296
895	ENSG00000178764	8	123793632	0.262685878831451
896	ENSG00000103241	16	86544132	0.262813769652442
897	ENSG00000196247	7	64126510	0.263641363661475
898	ENSG00000117595	1	209959035	0.264826900216738
899	ENSG00000179528	2	74724643	0.265545044207204
900	ENSG00000185219	3	44481261	0.2657839022862
901	ENSG00000106852	9	124964855	0.266254484855655
902	ENSG00000119725	14	74353319	0.266797866176448
903	ENSG00000105856	7	106809405	0.266987776945717
904	ENSG00000156150	1	110602615	0.267034669514328
905	ENSG00000129911	19	1852398	0.26758792743291
906	ENSG00000179943	19	56102745	0.267770866814246
907	ENSG00000131721	23	119292466	0.270115483787793
908	ENSG00000184517	16	75182389	0.271594971260592
909	ENSG00000186350	9	137208943	0.271615493637318
910	ENSG00000083838	19	58985383	0.27179947124572
911	ENSG00000198911	22	42229108	0.273169371827336
912	ENSG00000188629	19	9435020	0.273676534431005
913	ENSG00000120669	13	36742930	0.274072424343989
914	ENSG00000116044	2	178095032	0.274933360860672
915	ENSG00000136352	14	36985601	0.275344671581055
916	ENSG00000117036	1	157090982	0.27653493343245
917	ENSG00000174332	1	53971909	0.279266055793375
918	ENSG00000011590	19	36195428	0.279870265989134
919	ENSG00000006468	7	13930852	0.280086567139951
920	ENSG00000170122	9	116236	0.280449421350147
921	ENSG00000178175	5	71738478	0.280923951715457
922	ENSG00000168813	19	32836499	0.281259099919785
923	ENSG00000159556	15	76629064	0.282804155516293
924	ENSG00000170396	2	185463092	0.284128448459571
925	ENSG00000075407	10	38383263	0.284309945592084
926	ENSG00000189308	4	83845755	0.284414344293146
927	ENSG00000109851	11	20177700	0.285845721533752
928	ENSG00000181965	5	134869990	0.285937259468517
929	ENSG00000153879	19	33864235	0.286934968048955
930	ENSG00000028839	6	134273307	0.28847047554563
931	ENSG00000160973	8	145698794	0.289690344179474
932	ENSG00000213347	5	176728461	0.289742715644798
933	ENSG00000116016	2	46520805	0.290576828171733
934	ENSG00000120149	5	174151535	0.290654019933964
936	ENSG00000066136	1	41157319	0.297064461290278
937	ENSG00000172238	4	94750041	0.299292083652687
938	ENSG00000184271	12	51580718	0.299751110868035
939	ENSG00000159592	1	46092975	0.300259253783163
940	ENSG00000134323	2	16080685	0.300321910920966
941	ENSG00000160336	19	53935226	0.300446438720054
942	ENSG00000166454	16	81069451	0.300617023913433
943	ENSG00000185404	2	231191898	0.300628969073768
944	ENSG00000197779	23	47696300	0.300716795998454
945	ENSG00000179981	18	72922709	0.301045224257127
946	ENSG00000124613	6	27342393	0.301126609678341
947	ENSG00000153975	6	116956780	0.301523658622814
948	ENSG00000169926	15	31619769	0.302037976094714
949	ENSG00000106546	7	17338245	0.302383237362992
950	ENSG00000168267	10	23481255	0.304969852393644
951	ENSG00000167182	17	45973515	0.305151370287359
952	ENSG00000124782	6	7107829	0.305649988228257
953	ENSG00000175325	5	177419235	0.305788709464574
954	ENSG00000253293	7	27210209	0.306445485988008
955	ENSG00000107175	9	35732331	0.307406809260565
956	ENSG00000198182	19	38187263	0.308601866397738
957	ENSG00000198185	20	45129700	0.309761760755873
958	ENSG00000142556	19	52516017	0.309994245694547
959	ENSG00000196967	19	37597635	0.310771269821339
960	ENSG00000128645	2	177053306	0.311908260997309
961	ENSG00000197134	19	22235253	0.312246711873081
962	ENSG00000137273	6	1390068	0.31284669415856
963	ENSG00000175745	5	92919042	0.312994895658489
964	ENSG00000111087	12	57853917	0.31428537085075
965	ENSG00000197576	7	27168125	0.314409175968735
966	ENSG00000198315	6	28109687	0.314609560584727
967	ENSG00000204595	19	54135309	0.316125941456313
968	ENSG00000133740	8	86089459	0.316546581553927
969	ENSG00000122386	16	3162560	0.31921046991337
970	ENSG00000114439	3	107241782	0.320128295072153
971	ENSG00000204060	1	41827593	0.320577095517749
972	ENSG00000189144	19	38229202	0.321390431604552
973	ENSG00000146757	7	64838711	0.321865824581449
974	ENSG00000064489	19	19256375	0.322002794104725
975	ENSG00000104885	19	2164147	0.322017467594582
976	ENSG00000132005	19	14072349	0.322237465882542
977	ENSG00000198546	10	135122913	0.322325251219455
978	ENSG00000131127	4	331602	0.322885548998305
979	ENSG00000105880	7	96649703	0.32339752512648
980	ENSG00000196150	8	146076631	0.326859470614228
981	ENSG00000143379	1	150898738	0.327432620352952
982	ENSG00000177463	3	14989090	0.328536110211511
983	ENSG00000197385	3	32023262	0.329352832449053
984	ENSG00000183733	2	71004441	0.329642255944879
985	ENSG00000147596	8	70963885	0.329679886810505
986	ENSG00000096401	6	44355261	0.330768757469234
987	ENSG00000131061	20	32319462	0.331384829391263
988	ENSG00000118263	2	207938860	0.332847332364227
989	ENSG00000164900	7	150845675	0.332966704065416
990	ENSG00000197951	19	57106631	0.333054399363684
991	ENSG00000185155	1	226411318	0.33311958222354
992	ENSG00000203326	19	53868945	0.333963346203209
993	ENSG00000075426	2	28615314	0.334418803344544
994	ENSG00000165684	9	139270028	0.337987723952196
995	ENSG00000189299	23	55649832	0.338422139014831
996	ENSG00000129028	15	71173680	0.338683907688152
997	ENSG00000197162	16	30585060	0.33886572642655
998	ENSG00000182348	7	88388681	0.342093372110316
999	ENSG00000144655	3	39183345	0.342807863716871
1000	ENSG00000172000	19	2867332	0.343170618344449
1001	ENSG00000196628	18	52889561	0.345266496280761
1002	ENSG00000167554	19	52839497	0.345890919571342
1003	ENSG00000170631	8	146155743	0.346609932498679
1004	ENSG00000258405	19	52956828	0.348016171953572
1005	ENSG00000154655	18	5954704	0.348679645208096
1006	ENSG00000109787	4	38665816	0.348722225736489
1007	ENSG00000214336	2	88747725	0.349111056871101
1008	ENSG00000081059	5	133450401	0.34913987841958
1009	ENSG00000160321	19	22115759	0.351788257001002
1010	ENSG00000177494	3	111311746	0.351927801023501
1011	ENSG00000218891	19	56088898	0.35222898166964
1012	ENSG00000162419	1	28995243	0.352256240606005
1013	ENSG00000185002	6	117198374	0.353514105476732
1014	ENSG00000152217	18	42260137	0.353826970044604
1015	ENSG00000184302	14	60975668	0.355115979393274
1016	ENSG00000151322	14	33404138	0.355764941253027
1018	ENSG00000171604	5	139026883	0.357900701178999
1019	ENSG00000162772	1	212738675	0.362962750678932
1020	ENSG00000187801	1	40915773	0.363456958159924
1021	ENSG00000125817	20	3764497	0.367021956593532
1022	ENSG00000197608	19	52567718	0.367550246254361
1023	ENSG00000065526	1	16174358	0.36774265103748
1026	ENSG00000156374	10	105062552	0.371973361122565
1027	ENSG00000140987	16	3432084	0.374051014787544
1028	ENSG00000104221	8	37700785	0.375205167838416
1029	ENSG00000112246	6	100832890	0.376208561933124
1030	ENSG00000213967	19	24097678	0.376882857885946
1031	ENSG00000204524	19	57751972	0.376976380577349
1032	ENSG00000169057	23	153287023	0.377069424658626
1033	ENSG00000130584	20	62375018	0.378545843508876
1034	ENSG00000125740	19	45971252	0.380197534704744
1035	ENSG00000139083	12	11802787	0.381337341490288
1036	ENSG00000137270	6	52991761	0.381393122460528
1037	ENSG00000141946	19	57645463	0.38306158193927
1038	ENSG00000177599	19	11908481	0.385364444722333
1039	ENSG00000109906	11	113930314	0.385716116656833
1040	ENSG00000113658	5	135468533	0.387018254834733
1041	ENSG00000160094	1	33722145	0.387303069317508
1042	ENSG00000167967	16	2273566	0.387915152980007
1043	ENSG00000175213	11	46722367	0.389313277064756
1044	ENSG00000198538	19	53304562	0.389326451688195
1045	ENSG00000170260	7	148936741	0.389328383132085
1046	ENSG00000054598	6	1610680	0.391962890629853
1047	ENSG00000180357	15	64791490	0.393188509331133
1048	ENSG00000049768	23	49106896	0.393395500780227
1049	ENSG00000188785	19	57901217	0.393649026002304
1050	ENSG00000135365	11	45950870	0.393789484865822
1051	ENSG00000129194	17	7491495	0.394015573043095
1052	ENSG00000196946	12	8290732	0.39435147966436
1053	ENSG00000099326	19	59073297	0.394604784084055
1054	ENSG00000115415	2	191829083	0.397199530544847
1055	ENSG00000129654	17	74132413	0.39771859271885
1056	ENSG00000172845	2	174771186	0.398479862203665
1057	ENSG00000165702	9	135820931	0.399338953672999
1058	ENSG00000128610	7	121941447	0.399882930750109
1059	ENSG00000144792	3	44619714	0.400515183000093
1060	ENSG00000148300	9	136271185	0.401246594659398
1061	ENSG00000197935	6	28962561	0.401662337721163
1062	ENSG00000204611	19	52616343	0.405151909152844
1063	ENSG00000175279	1	10490158	0.405356286595826
1064	ENSG00000215474	18	44746292	0.406113001156648
1065	ENSG00000179361	15	74833517	0.407881637101811
1066	ENSG00000142409	19	56598731	0.408441860879771
1067	ENSG00000105732	19	42572628	0.408749176081454
1068	ENSG00000169953	24	20934593	0.409290831042812
1069	ENSG00000164778	7	155250823	0.409546434383965
1070	ENSG00000101096	20	50003493	0.410475688800632
1071	ENSG00000149922	16	30097113	0.410860475919824
1072	ENSG00000118620	19	21203425	0.411249160463248
1073	ENSG00000213762	19	58125600	0.41384359716814
1074	ENSG00000213096	19	24216275	0.414737126842934
1075	ENSG00000176293	19	58571101	0.414906676966259
1076	ENSG00000138738	4	121613069	0.416600367201166
1077	ENSG00000197362	7	148766734	0.417644475676788
1078	ENSG00000119138	9	72999502	0.417664354534743
1079	ENSG00000130182	16	3138894	0.418459275457954
1080	ENSG00000140009	14	64550949	0.419279912153303
1081	ENSG00000165821	14	21989231	0.421473064879911
1082	ENSG00000182521	14	55880258	0.421624895491218
1083	ENSG00000196092	9	36833271	0.421690335320167
1084	ENSG00000083828	19	58281037	0.422281490943824
1085	ENSG00000120798	12	95414004	0.422367020284112
1086	ENSG00000144485	2	239146907	0.422442479889534
1087	ENSG00000131408	19	50832909	0.422863843428739
1088	ENSG00000196109	19	22361892	0.424748268765628
1089	ENSG00000164011	1	43312279	0.425798517801735
1090	ENSG00000020633	1	25226001	0.428923178442331
1091	ENSG00000213015	19	56146381	0.429025662497006
1092	ENSG00000174586	19	58865722	0.430245387307192
1093	ENSG00000171540	5	76924537	0.431010021995158
1094	ENSG00000196132	20	62783143	0.431174022335645
1095	ENSG00000052850	11	44281993	0.431893727589437
1096	ENSG00000234616	8	143738873	0.432985533676705
1097	ENSG00000134317	2	10085340	0.433855604249494
1098	ENSG00000071655	19	1576638	0.433961627503318
1099	ENSG00000134046	18	51679078	0.434924051630167
1100	ENSG00000173039	11	65421066	0.43508258178801
1101	ENSG00000119866	2	60678301	0.435906273921622
1102	ENSG00000151657	10	7792924	0.436511254569432
1103	ENSG00000154727	21	27106880	0.436881114689602
1104	ENSG00000168875	3	137483578	0.439510447342994
1105	ENSG00000185507	11	612552	0.439530731923025
1106	ENSG00000067646	24	2803111	0.439832797876937
1107	ENSG00000102901	16	67862059	0.439991890126138
1108	ENSG00000130816	19	10244020	0.441497352968029
1109	ENSG00000168269	5	169532900	0.442033272895974
1110	ENSG00000180257	19	53430387	0.443698198041216
1111	ENSG00000198914	2	105471968	0.443820683804572
1112	ENSG00000105722	19	42751723	0.445728564682134
1113	ENSG00000182318	19	58838384	0.445838744789695
1114	ENSG00000113722	5	149546357	0.447397218408689
1115	ENSG00000069812	1	6472477	0.449173508521485
1116	ENSG00000162992	2	182537814	0.450885016061908
1117	ENSG00000135457	12	51487445	0.4510919938167
1118	ENSG00000182968	13	112721912	0.452040979436184
1119	ENSG00000196437	19	37902056	0.452536527457305
1120	ENSG00000167785	19	8920379	0.45294826439143
1121	ENSG00000151379	2	17997762	0.454066817562118
1122	ENSG00000176302	11	118842416	0.454350498387705
1123	ENSG00000221944	2	233412778	0.454701857376564
1124	ENSG00000196482	1	216676587	0.455708989070196
1125	ENSG00000198393	12	133562950	0.457104844475656
1126	ENSG00000125492	9	135457571	0.45723212743476
1127	ENSG00000179930	1	182023704	0.461008161061183
1128	ENSG00000105866	7	21467651	0.461801145747835
1129	ENSG00000223614	7	63667580	0.462823008678116
1130	ENSG00000173451	12	72056788	0.463365189083851
1131	ENSG00000025156	6	122720690	0.464167378239656
1132	ENSG00000183621	10	31109135	0.46539503014538
1133	ENSG00000172262	5	43120984	0.465701560563608
1134	ENSG00000197114	20	62338816	0.466270315921706
1135	ENSG00000063515	22	19136088	0.466487652535515
1136	ENSG00000123307	12	55413728	0.466838094615716
1137	ENSG00000178662	2	166326156	0.467349839979639
1138	ENSG00000214575	15	83211950	0.470073665950197
1139	ENSG00000128272	22	39915699	0.471278865772317
1140	ENSG00000115966	2	175936977	0.473291327700814
1141	ENSG00000170265	7	148892576	0.473318194733541
1142	ENSG00000172888	3	40566368	0.474040066578746
1143	ENSG00000181638	8	144328990	0.474664741039103
1144	ENSG00000041988	1	6684925	0.474809098232131
1145	ENSG00000005102	17	41717755	0.475110049714626
1146	ENSG00000167625	19	42724422	0.475164563134656
1147	ENSG00000185610	12	45408454	0.475393035166785
1148	ENSG00000165156	8	124260695	0.478768594871668
1149	ENSG00000080603	16	30709529	0.478869491318076
1150	ENSG00000196417	19	53893045	0.479915467645887
1151	ENSG00000160229	19	20959109	0.480124858305619
1152	ENSG00000166268	12	70219083	0.481793280894073
1153	ENSG00000177426	18	3411605	0.48558529685626
1154	ENSG00000127124	1	41972035	0.486789089072423
1155	ENSG00000079432	19	42772688	0.487669445679296
1156	ENSG00000181449	3	181429713	0.487970955605998
1157	ENSG00000160224	21	45705720	0.491260695146729
1158	ENSG00000163666	3	57231943	0.491809853128495
1159	ENSG00000060566	19	4153597	0.493597203308421
1160	ENSG00000178928	19	48304499	0.49432538778272
1161	ENSG00000127989	7	91321322	0.495583585313417
1162	ENSG00000105392	19	48322702	0.497376682028376
1163	ENSG00000126746	12	6775642	0.497817791780549
1164	ENSG00000111704	12	7940389	0.498109977257536
1165	ENSG00000253831	1	157061835	0.498192063977907
1166	ENSG00000256463	18	76740274	0.498300120190164
1167	ENSG00000066336	11	47376410	0.500590166293378
1168	ENSG00000057657	6	106534194	0.503447268274544
1169	ENSG00000188779	15	68112041	0.506776903091178
1170	ENSG00000189042	19	37178513	0.509868978164682
1171	ENSG00000179886	8	144680073	0.510014552990667
1172	ENSG00000185591	12	53773959	0.510329592137539
1173	ENSG00000160007	19	47421932	0.514843308018685
1174	ENSG00000173120	11	66886739	0.516492552433027
1175	ENSG00000160685	1	154975126	0.517108518951471
1176	ENSG00000198839	7	111846642	0.518619736434122
1177	ENSG00000164379	6	1312674	0.518828537838523
1178	ENSG00000079263	2	231067825	0.519361999992231
1179	ENSG00000010818	6	143072603	0.520111368099617
1180	ENSG00000204779	9	70175706	0.522261551819693
1181	ENSG00000144026	2	95813074	0.523328743848516
1182	ENSG00000179774	10	69990385	0.524824432497002
1183	ENSG00000173275	23	134478720	0.524921341286408
1184	ENSG00000197360	19	22586235	0.526386475803824
1185	ENSG00000142528	19	50528970	0.526860624958208
1186	ENSG00000181450	1	227751243	0.528369217118807
1187	ENSG00000257446	19	12154619	0.53008268406518
1188	ENSG00000167395	16	31085742	0.530188147597541
1189	ENSG00000121068	17	59477256	0.53130488161033
1190	ENSG00000257923	7	101458958	0.532849171081198
1191	ENSG00000185278	1	173837219	0.534154089648186
1192	ENSG00000012504	12	100867485	0.535273740010724
1193	ENSG00000213988	19	20188802	0.535864501684884
1194	ENSG00000135374	11	34500339	0.536443672509446
1195	ENSG00000188994	6	87865266	0.536541334875541
1196	ENSG00000170549	5	3596167	0.536745562524082
1197	ENSG00000196700	20	62588054	0.537017664679398
1198	ENSG00000148737	10	114710008	0.537374428312398
1199	ENSG00000213928	14	24630261	0.538144374823587
1200	ENSG00000122482	1	91380858	0.539407712925726
1201	ENSG00000005889	23	24167289	0.540059255180245
1202	ENSG00000197124	19	20107866	0.541546965499643
1203	ENSG00000043039	11	129245834	0.541552129039295
1204	ENSG00000169951	16	30565084	0.543233991989237
1205	ENSG00000124766	6	21593971	0.545718856546803
1206	ENSG00000105717	19	19672521	0.547317787045661
1207	ENSG00000169957	16	30535324	0.547350576754333
1208	ENSG00000119574	19	59024896	0.549479549690995
1209	ENSG00000167081	9	128509623	0.554635993372113
1210	ENSG00000180532	19	58180302	0.554678950665968
1211	ENSG00000188095	15	90303821	0.554889191020263
1212	ENSG00000171116	23	148855725	0.555661619087454
1213	ENSG00000131914	1	26737268	0.556340537867456
1214	ENSG00000090447	16	4307186	0.556429160527505
1215	ENSG00000130684	20	25654850	0.558725861643809
1216	ENSG00000198169	8	145946297	0.559146233486401
1217	ENSG00000119508	9	102584136	0.560429241127194
1218	ENSG00000168214	4	26165076	0.560494635367014
1219	ENSG00000197483	19	55987698	0.56073190937585
1220	ENSG00000214513	2	73429385	0.560744033693165
1221	ENSG00000184635	19	20011721	0.561402079921068
1222	ENSG00000165259	23	83572881	0.561873762783689
1223	ENSG00000111424	12	48235319	0.562612337111355
1224	ENSG00000133794	11	13298198	0.562858086548991
1225	ENSG00000249459	17	18561741	0.564088097363155
1226	ENSG00000181444	7	149461270	0.566325249074882
1227	ENSG00000186790	1	47881743	0.566973279375007
1228	ENSG00000116604	1	156433518	0.567637612042776
1229	ENSG00000077150	10	104153866	0.568227867633789
1230	ENSG00000071564	19	1609290	0.572451341370843
1231	ENSG00000157554	21	39751948	0.573525939508005
1232	ENSG00000107249	9	3827697	0.573873836115598
1233	ENSG00000125826	20	388141	0.575151856511972
1234	ENSG00000243660	10	43932281	0.577235226951936
1235	ENSG00000170448	4	47849256	0.578053185464826
1236	ENSG00000204304	6	32152511	0.578470373719662
1237	ENSG00000064195	17	48067368	0.579404158137578
1238	ENSG00000166188	16	58028571	0.580356287778743
1239	ENSG00000102189	12	93164412	0.581119859447981
1240	ENSG00000227124	3	75758793	0.581657905744391
1241	ENSG00000102974	16	67596309	0.582082487353353
1242	ENSG00000183779	8	37553268	0.582626918954274
1243	ENSG00000140265	15	43650369	0.582944423183547
1244	ENSG00000125347	5	131817300	0.585181768528314
1245	ENSG00000177125	9	129622943	0.585790977990496
1246	ENSG00000126464	19	50094899	0.587275816280866
1247	ENSG00000108509	17	4871286	0.589062248589199
1248	ENSG00000114861	3	71003843	0.591019942110523
1249	ENSG00000171163	1	249144204	0.591107669856122
1250	ENSG00000085274	3	169490618	0.594325360598293
1251	ENSG00000170345	14	75745476	0.594944444215366
1252	ENSG00000129071	3	129149786	0.596348447295041
1253	ENSG00000106689	9	126763948	0.60012398226547
1254	ENSG00000157657	9	116638561	0.600426240746619
1255	ENSG00000116809	1	16268363	0.60206686394882
1256	ENSG00000171467	6	43274871	0.606784661939848
1257	ENSG00000143373	1	151254093	0.608290959462859
1258	ENSG00000067066	2	231280656	0.609454629915794
1259	ENSG00000221869	8	48649470	0.609624014550231
1260	ENSG00000176946	2	242523819	0.609670709878052
1261	ENSG00000170581	12	56735380	0.611294339921094
1262	ENSG00000198466	19	58361224	0.612252865712077
1263	ENSG00000123685	1	212859759	0.612717032564196
1264	ENSG00000140548	15	90544623	0.613451117218033
1265	ENSG00000171532	17	37759788	0.614077205351346
1266	ENSG00000173976	19	3769086	0.614421709961123
1267	ENSG00000160113	19	17342691	0.614625909595924
1268	ENSG00000122592	7	27193334	0.615607402160448
1269	ENSG00000152284	2	85360532	0.615907091367572
1270	ENSG00000011451	19	15532318	0.616512925400583
1271	ENSG00000165244	9	99148222	0.616809267868849
1272	ENSG00000119950	10	111967362	0.617177691998745
1273	ENSG00000196652	7	99102273	0.617669129344922
1274	ENSG00000130700	20	61038552	0.620732917062333
1275	ENSG00000196453	7	149128453	0.621071682304639
1276	ENSG00000134138	15	37181405	0.621586922641621
1277	ENSG00000170561	5	2748924	0.622929999640523
1278	ENSG00000140262	15	57210820	0.623436722430509
1279	ENSG00000173153	11	64073043	0.623698957415189
1280	ENSG00000204612	9	79634570	0.626326880795518
1281	ENSG00000172733	8	30853320	0.627741482957608
1282	ENSG00000197961	19	9671028	0.628134271099808
1283	ENSG00000196705	19	21324826	0.628635006358618
1284	ENSG00000112182	6	90636247	0.629823178755987
1285	ENSG00000158773	1	161009040	0.630699803598978
1286	ENSG00000165655	10	77157587	0.63076850813115
1287	ENSG00000135148	12	112563304	0.630978138211495
1289	ENSG00000151612	4	146678778	0.63492375992842
1290	ENSG00000165512	10	45495922	0.635182757126208
1291	ENSG00000170802	2	48541775	0.635923481914348
1292	ENSG00000126003	20	30780305	0.636089861757313
1293	ENSG00000172468	24	20708556	0.638979534871088
1294	ENSG00000084093	4	57774074	0.640352341840915
1295	ENSG00000116833	1	199996729	0.640522305266911
1296	ENSG00000184221	21	34442449	0.641203596196861
1297	ENSG00000101544	18	77866914	0.641477486305789
1298	ENSG00000143578	1	153940009	0.642619573057089
1299	ENSG00000140993	16	3348831	0.643579089086326
1300	ENSG00000204946	7	148959261	0.645254404779464
1301	ENSG00000198482	19	53030904	0.646710037864691
1302	ENSG00000152192	13	79172496	0.647697597280809
1303	ENSG00000168286	16	67876212	0.650390161222531
1304	ENSG00000113916	3	187439164	0.651948983602306
1305	ENSG00000172819	12	53604353	0.652088607529582
1306	ENSG00000196381	19	38158651	0.652275952982029
1307	ENSG00000186777	4	264463	0.652526327257292
1308	ENSG00000102935	16	49521434	0.656005265614144
1309	ENSG00000213588	6	33422355	0.657390304748045
1310	ENSG00000115112	2	121974162	0.658475794088836
1311	ENSG00000156127	14	75988767	0.660029548768564
1312	ENSG00000203883	20	62679075	0.660424904096313
1313	ENSG00000250571	8	144349602	0.661875881369173
1315	ENSG00000125816	20	21376004	0.665143112224033
1316	ENSG00000113580	5	142657495	0.667511859883591
1317	ENSG00000078900	1	3569083	0.670040507631037
1318	ENSG00000167766	19	53097312	0.670518929167627
1319	ENSG00000137492	11	76060999	0.670655709225222
1320	ENSG00000162761	1	165171103	0.670742701927755
1321	ENSG00000213793	19	53418448	0.672398302560154
1322	ENSG00000153266	3	62355355	0.672541297596628
1323	ENSG00000179588	16	88519724	0.67263981159175
1324	ENSG00000205189	8	81397853	0.673294016734687
1325	ENSG00000141644	18	47793251	0.674247005391941
1326	ENSG00000198455	23	57618268	0.675031105774718
1327	ENSG00000112658	6	43139036	0.676567153468212
1328	ENSG00000149050	11	7020548	0.678719803287307
1329	ENSG00000167685	19	56643967	0.678824293313703
1330	ENSG00000170608	19	46367246	0.67959948089473
1331	ENSG00000147118	23	47834249	0.680657599856311
1332	ENSG00000108001	10	131633546	0.681610535229444
1333	ENSG00000170684	19	45574757	0.683104229843507
1334	ENSG00000115297	2	74740589	0.683284892423965
1335	ENSG00000095951	6	12008994	0.684278858432104
1336	ENSG00000205857	12	7917811	0.684315735452902
1337	ENSG00000137166	6	41514163	0.68480060423253
1338	ENSG00000168610	17	40465341	0.684959066338027
1339	ENSG00000118513	6	135502452	0.685038160406868
1340	ENSG00000143257	1	161199455	0.685777726411406
1341	ENSG00000175322	18	14057455	0.686870391844316
1342	ENSG00000139154	12	19556999	0.688562306561042
1343	ENSG00000158711	1	205577070	0.689032551548585
1344	ENSG00000164683	8	80676244	0.689114244571551
1345	ENSG00000112365	6	109783796	0.689180640046733
1346	ENSG00000213799	19	53837001	0.68930287225756
1347	ENSG00000197372	19	23708432	0.689331466179512
1348	ENSG00000162601	1	59120410	0.691973106926064
1349	ENSG00000187595	17	40177593	0.691995992283863
1350	ENSG00000159387	16	55357671	0.694669120266439
1351	ENSG00000142700	1	50883221	0.694987237337531
1352	ENSG00000205683	14	73086003	0.695018070908726
1353	ENSG00000170949	19	53569858	0.695890530558302
1354	ENSG00000126733	23	85403461	0.69650335356738
1355	ENSG00000181827	15	56379665	0.698892719129081
1356	ENSG00000166349	11	36537013	0.699713198123655
1357	ENSG00000163848	3	124944404	0.701294771289099
1358	ENSG00000125482	9	135251007	0.701325513381164
1359	ENSG00000267041	19	37205284	0.702019363942691
1360	ENSG00000164749	8	76320148	0.703198944325499
1361	ENSG00000126456	19	50162825	0.704571412000678
1362	ENSG00000196357	19	36673187	0.705397722067209
1363	ENSG00000198633	19	52932439	0.705982295564789
1364	ENSG00000204103	20	39314487	0.706812564290795
1365	ENSG00000170954	19	53611131	0.707563229927968
1366	ENSG00000248483	5	93070507	0.707602589575858
1367	ENSG00000115568	2	219502638	0.715726153324521
1368	ENSG00000197279	6	28048752	0.716650998510318
1369	ENSG00000109101	17	26833260	0.717074805580586
1370	ENSG00000104976	19	7985200	0.718163486476274
1371	ENSG00000175787	9	97021592	0.718871594627139
1372	ENSG00000182986	19	53367042	0.719932948837174
1373	ENSG00000184058	22	19744225	0.720526110572903
1374	ENSG00000185630	1	164528643	0.72220103147952
1375	ENSG00000169635	22	21771692	0.722901918175117
1376	ENSG00000177030	11	644232	0.722954890551375
1377	ENSG00000101216	20	62218954	0.723001545101915
1378	ENSG00000137504	11	85370751	0.726532921139747
1379	ENSG00000007372	11	31806339	0.7313176485894
1380	ENSG00000158691	6	28346731	0.731399196344965
1381	ENSG00000164920	8	99956630	0.73193650904168
1382	ENSG00000197213	19	56700938	0.733952426079822
1383	ENSG00000123358	12	52416615	0.734231681150946
1384	ENSG00000185947	16	31885078	0.734595006328438
1385	ENSG00000156925	23	136648300	0.734612506780662
1386	ENSG00000165462	11	71950120	0.735104041617548
1387	ENSG00000107485	10	8095566	0.73552601826226
1388	ENSG00000198346	19	53970999	0.735845000776729
1389	ENSG00000139793	13	97873687	0.736972342226578
1390	ENSG00000188816	10	124907637	0.738991173371075
1391	ENSG00000143842	1	204042242	0.741642280083838
1392	ENSG00000120837	12	104510854	0.741753914760189
1393	ENSG00000188786	1	38275238	0.743216153547878
1394	ENSG00000138795	4	108968700	0.74492271539808
1395	ENSG00000125878	20	584440	0.745469251658489
1396	ENSG00000151650	10	135050907	0.749161232005635
1397	ENSG00000118526	6	134210275	0.750914394390017
1398	ENSG00000083307	8	102504659	0.752327535796436
1399	ENSG00000146592	7	28338939	0.753581554704466
1400	ENSG00000162714	1	247460713	0.755192384724734
1401	ENSG00000169989	4	153690505	0.756595486699453
1402	ENSG00000188070	11	63527363	0.756630598321148
1403	ENSG00000028277	19	42590262	0.757929897591074
1404	ENSG00000198105	10	38091750	0.758387135258498
1405	ENSG00000036549	1	78030184	0.763682091726725
1406	ENSG00000196670	5	180274610	0.766774384938142
1407	ENSG00000178573	16	79619739	0.767358551881148
1408	ENSG00000135638	2	73143388	0.767426451336926
1409	ENSG00000119919	10	101292689	0.769924833651739
1410	ENSG00000106536	7	39017597	0.771562524116765
1411	ENSG00000151090	3	24158650	0.772537492807536
1412	ENSG00000124664	6	34505578	0.776317581008681
1413	ENSG00000073282	3	189349204	0.7770161807753
1414	ENSG00000161277	19	36525886	0.777315165221836
1415	ENSG00000113761	5	176449696	0.7777791372957
1416	ENSG00000188981	4	3246095	0.777875115380017
1417	ENSG00000006047	17	7191570	0.778436113877073
1418	ENSG00000142025	19	42348805	0.781187661054138
1419	ENSG00000205903	7	6676952	0.784315382504011
1420	ENSG00000160352	19	21264964	0.784503523973901
1421	ENSG00000143867	2	19551245	0.788092072929432
1422	ENSG00000176182	19	46393277	0.78947910944045
1423	ENSG00000163435	1	201977072	0.790186784645254
1424	ENSG00000111783	12	106976684	0.791373737362668
1425	ENSG00000160199	21	44394619	0.79161728640834
1426	ENSG00000148516	10	31607423	0.792370294918578
1427	ENSG00000120738	5	137801178	0.792469949732562
1428	ENSG00000135625	2	73518057	0.792942055733428
1429	ENSG00000131759	17	38465443	0.793651180372631
1430	ENSG00000167555	19	52901101	0.793765410860916
1431	ENSG00000087510	20	55204357	0.795775722157285
1432	ENSG00000185252	22	20748404	0.798164353155659
1433	ENSG00000173276	21	43406939	0.799360501421496
1434	ENSG00000178338	5	178286953	0.799544310039846
1435	ENSG00000101126	20	49505584	0.800411907692959
1436	ENSG00000182158	7	137559724	0.800989869044676
1437	ENSG00000068305	15	100017369	0.802702648545903
1438	ENSG00000196843	2	97202479	0.802744436097288
1439	ENSG00000147183	23	88002225	0.804738966711868
1440	ENSG00000167491	19	19496634	0.805147898810137
1441	ENSG00000204532	19	56713669	0.807643376585005
1442	ENSG00000198464	19	52800429	0.810592621287459
1443	ENSG00000008196	6	50786435	0.811691225712025
1444	ENSG00000141956	21	43218384	0.813037161018562
1445	ENSG00000172059	2	10182975	0.813046994577628
1446	ENSG00000123095	12	26272958	0.813102268760518
1447	ENSG00000171634	17	65821639	0.813724868317294
1448	ENSG00000118260	2	208394460	0.818219342358459
1449	ENSG00000125533	20	61637330	0.818969463774709
1450	ENSG00000105610	19	12995236	0.819112354106339
1451	ENSG00000140382	15	77712753	0.820111153719618
1452	ENSG00000163795	2	27600097	0.820374816488178
1453	ENSG00000198205	23	57931863	0.821075670966174
1454	ENSG00000169155	9	129567284	0.821343115875317
1455	ENSG00000171056	8	10582908	0.821755868919214
1456	ENSG00000143614	1	153777200	0.822097337239076
1457	ENSG00000177946	16	90036205	0.822729229352971
1458	ENSG00000229544	10	126135591	0.822922903883495
1459	ENSG00000118707	20	35201890	0.823707696079247
1460	ENSG00000188290	1	934341	0.829573649130764
1461	ENSG00000166860	12	57392617	0.829611265919594
1462	ENSG00000185551	15	96869166	0.830363403866855
1463	ENSG00000110851	12	108126642	0.831065726777709
1464	ENSG00000142611	1	2985731	0.833860144545306
1465	ENSG00000256229	19	20278036	0.834886908525093
1466	ENSG00000196378	8	145998498	0.835391724995309
1467	ENSG00000196350	19	22469209	0.836960477757963
1468	ENSG00000187821	4	185939994	0.837488302200944
1469	ENSG00000077092	3	25215822	0.840901837346905
1470	ENSG00000116539	1	155305058	0.843680749719596
1471	ENSG00000183850	19	23258011	0.844462766978416
1472	ENSG00000134595	23	139585151	0.845689875238827
1473	ENSG00000186660	11	58346583	0.846195188251538
1474	ENSG00000122877	10	64574192	0.846606688653466
1475	ENSG00000204335	2	171571860	0.846750840548819
1476	ENSG00000135164	7	86781676	0.847681054444803
1477	ENSG00000120093	17	46627173	0.847698209879305
1478	ENSG00000108788	17	40719085	0.8484608080327
1479	ENSG00000148143	9	109625377	0.848839264243135
1480	ENSG00000176222	19	44376514	0.850862937715176
1481	ENSG00000232040	6	28543793	0.852366725973648
1482	ENSG00000176679	24	3447081	0.852676137068698
1483	ENSG00000198963	9	77112280	0.852833320927076
1484	ENSG00000066827	8	135490030	0.854100963496937
1485	ENSG00000176842	16	54964773	0.85411782665256
1486	ENSG00000116819	1	36038970	0.854302977875139
1487	ENSG00000100426	22	50247489	0.854494948997769
1488	ENSG00000101076	20	42984339	0.85620748458976
1489	ENSG00000185513	20	42136319	0.856865851900554
1490	ENSG00000251192	23	46357161	0.858110877407159
1491	ENSG00000166987	12	57914492	0.85918268178516
1492	ENSG00000187987	6	28399706	0.860233561189423
1493	ENSG00000149054	11	6947634	0.860262603560137
1494	ENSG00000131931	8	42691816	0.860778390564198
1495	ENSG00000125846	20	18269120	0.862263759179222
1496	ENSG00000105261	19	36602103	0.864037607609729
1497	ENSG00000175105	3	88188253	0.864167049390898
1498	ENSG00000143437	1	150782180	0.866718236342944
1499	ENSG00000134852	4	56294069	0.867256218246494
1500	ENSG00000272333	19	36208920	0.869837780508736
1501	ENSG00000139352	12	103351463	0.871753568365262
1502	ENSG00000229676	19	22817125	0.871998443923022
1503	ENSG00000104856	19	45504687	0.872110192457138
1504	ENSG00000180346	4	90033967	0.874178773859648
1505	ENSG00000067082	10	3818187	0.875376461035229
1506	ENSG00000182742	17	46652874	0.875838165849849
1507	ENSG00000135373	11	34642639	0.876133690048061
1508	ENSG00000125520	20	62371213	0.876828910233562
1509	ENSG00000140836	16	72816783	0.877239838244598
1510	ENSG00000085644	16	3179777	0.877732123758263
1511	ENSG00000144852	3	119499330	0.87917847535206
1512	ENSG00000204604	19	53341260	0.879950148200027
1513	ENSG00000126705	1	27860545	0.880239794690327
1514	ENSG00000172818	11	65554492	0.881272908329772
1515	ENSG00000148411	9	138898382	0.883134684671681
1516	ENSG00000169131	5	178138592	0.883203332172267
1517	ENSG00000011243	19	15490858	0.888344070423992
1518	ENSG00000196233	10	98592016	0.889663879490849
1519	ENSG00000128573	7	113726381	0.890868167908582
1520	ENSG00000125618	2	113973573	0.890939163505304
1521	ENSG00000198807	14	37126772	0.891382607375533
1522	ENSG00000174576	11	66188474	0.891759614404816
1523	ENSG00000178919	9	100615535	0.894094760602785
1524	ENSG00000102554	13	73629113	0.896218598531619
1525	ENSG00000184492	2	114256660	0.897726363116482
1526	ENSG00000085276	3	168801286	0.89994058824783
1527	ENSG00000065970	12	8185298	0.900265606286962
1528	ENSG00000198026	20	44577291	0.901280840178162
1529	ENSG00000255192	15	35376393	0.902387785867148
1530	ENSG00000130856	18	74534562	0.902425719420347
1531	ENSG00000140396	8	71021996	0.902826631426948
1532	ENSG00000143033	1	93544791	0.903461057452264
1533	ENSG00000251369	19	58046624	0.904449876723849
1534	ENSG00000198795	18	22641889	0.905734008616414
1535	ENSG00000167377	16	71481499	0.905847412224651
1536	ENSG00000213973	19	22939006	0.906633450237822
1537	ENSG00000178665	7	55955168	0.906856721166611
1538	ENSG00000177551	1	116378997	0.907143491129732
1539	ENSG00000197363	8	146024260	0.907410662234491
1540	ENSG00000125285	13	95361885	0.907655057032895
1541	ENSG00000186103	3	121289550	0.908548584199784
1542	ENSG00000166261	11	123594884	0.912287497217632
1543	ENSG00000177932	5	178487415	0.91587257834696
1544	ENSG00000196458	12	133498018	0.917849215850124
1545	ENSG00000273274	1	32930669	0.918028798925469
1546	ENSG00000183647	19	58111252	0.919528939289291
1547	ENSG00000184895	24	2654895	0.92039679258183
1548	ENSG00000075891	10	102495359	0.920773078961789
1549	ENSG00000006377	7	96634859	0.92077772811533
1550	ENSG00000147488	8	53023398	0.922144117212392
1551	ENSG00000197497	19	53662465	0.922508382421195
1552	ENSG00000198131	19	58739959	0.92413734238743
1553	ENSG00000171223	19	12902309	0.925311991220861
1555	ENSG00000064835	3	87308553	0.926283537523004
1556	ENSG00000161940	17	6926338	0.928241951014652
1557	ENSG00000082641	17	46125720	0.928999676273383
1558	ENSG00000102349	23	56258853	0.92992215556227
1559	ENSG00000250312	4	124385	0.930074154776432
1560	ENSG00000168062	11	64755414	0.930957162835424
1561	ENSG00000234444	7	63767836	0.93264132613675
1562	ENSG00000132604	16	69389463	0.933815886197304
1563	ENSG00000170365	4	146402345	0.933862156384575
1564	ENSG00000167562	19	53073525	0.934452294133369
1565	ENSG00000159216	21	36259342	0.937314337122539
1566	ENSG00000214652	7	63505820	0.937727083912904
1567	ENSG00000140044	14	75894418	0.938454533344129
1569	ENSG00000163516	2	220094478	0.941806933030406
1570	ENSG00000159140	21	34914923	0.942874656614736
1571	ENSG00000196172	19	23921996	0.942978306696935
1573	ENSG00000177508	16	54317215	0.944338277302348
1574	ENSG00000204531	6	31132118	0.94539146888325
1575	ENSG00000174446	15	66782472	0.945740311899202
1576	ENSG00000198146	15	35270541	0.947113288717722
1577	ENSG00000131264	23	72667089	0.948377206048937
1578	ENSG00000119614	14	74706174	0.952025371153615
1579	ENSG00000169594	15	83924654	0.952402691141546
1580	ENSG00000124232	20	43935490	0.953188341244857
1581	ENSG00000180535	7	97840738	0.954403598590241
1582	ENSG00000130844	19	54024234	0.956140828118013
1583	ENSG00000114853	3	42695175	0.956161873390654
1584	ENSG00000135899	2	231033633	0.956489825550105
1585	ENSG00000164330	5	158122927	0.959580636758169
1586	ENSG00000114315	3	193853933	0.961754932998937
1587	ENSG00000176009	11	8959118	0.963480516919103
1588	ENSG00000070444	17	2287353	0.963993749540324
1589	ENSG00000153234	2	157180943	0.964176249585985
1590	ENSG00000205922	19	1752371	0.964503061514701
1591	ENSG00000102878	16	67197287	0.964738771800186
1592	ENSG00000105750	19	21106027	0.965111296106549
1593	ENSG00000137185	6	28192663	0.965165650207658
1594	ENSG00000167800	11	67398773	0.965460332095196
1595	ENSG00000174306	20	39807087	0.966598776952977
1596	ENSG00000261221	19	56116770	0.967668434465187
1597	ENSG00000144747	3	69068977	0.96772140168384
1598	ENSG00000198597	19	30719420	0.968558959767133
1599	ENSG00000269067	19	23158269	0.970592273183921
1600	ENSG00000213020	19	53206065	0.970594051594758
1601	ENSG00000204644	6	29640168	0.971311092972738
1602	ENSG00000153814	7	27870191	0.974049970080005
1603	ENSG00000063587	23	152599612	0.974188180998608
1604	ENSG00000128604	7	128577665	0.975659276949108
1605	ENSG00000185960	23	585078	0.977029329956203
1606	ENSG00000128652	2	177001339	0.977895944164279
1607	ENSG00000170325	11	129769600	0.979530006246809
1608	ENSG00000088881	20	2673523	0.982960495341093
1609	ENSG00000137709	11	120107348	0.984836299342186
1610	ENSG00000181315	6	26636517	0.985427580168114
1611	ENSG00000145908	5	150273953	0.985485703067481
1612	ENSG00000198824	13	115079987	0.986334660288974
1613	ENSG00000186051	9	108424737	0.987047342617978
1614	ENSG00000166823	15	90291891	0.987423293144406
1615	ENSG00000169554	2	145141647	0.988991444848714
1616	ENSG00000173917	17	46618255	0.994922287985809
1617	ENSG00000117707	1	214161273	0.995636523994891
1618	ENSG00000005801	11	3360490	0.995961154860751
1619	ENSG00000177485	23	119384606	0.997736028378967
1620	ENSG00000106410	7	144094332	0.998076436724165
1621	ENSG00000102908	16	69598996	0.999400543857588
